0.1
0.1
0.1
0.1
0.1
0.1
0.1
0.1
0.1
0.1
0.1
0.1
0.1
0.1
0.1
0.1
0.1
0.1
0.1
0.1
0.1
0.1
0.1
0.1
0.1
0.1
0.1
0.1
0.1
0.1
0.1
0.1
0.1
0.1
0.1
0.1
0.1
0.1
0.1
0.1
0.1
0.1
0.1
0.1
0.1
0.1
0.1
0.1
0.1
0.1
0.1
0.1
0.1
0.1
0.1
0.1
0.1
0.1
0.1
0.1
0.1
0.1
0.1
0.1
0.1
0.1
0.1
0.1
0.1
0.1
0.1
0.1
0.1
0.1
0.1
0.1
0.1
0.1
0.1
0.1
0.1
0.1
0.1
0.1
0.1
0.1
0.1
0.1
0.1
0.1
0.1
0.1
0.1
0.1
0.1
0.1
0.1
0.1
0.1
0.1
0.1
0.1
0.1
0.1
0.1
0.1
0.1
0.1
0.1
0.1
0.1
0.1
0.1
0.1
0.1
0.1
0.1
0.1
0.1
0.1
0.1
0.1
0.1
0.1
0.1
0.1
0.1
0.1
0.1
0.1
0.1
0.1
0.1
0.1
0.1
0.1
0.1
0.1
0.1
0.1
0.1
0.1
0.1
0.1
0.1
0.1
0.1
0.1
0.1
0.1
0.1
0.1
0.1
0.1
0.1
0.1
0.1
0.1
0.1
0.1
0.1
0.1
0.1
0.1
0.1
0.1
0.1
0.1
0.1
0.1
0.1
0.1
0.1
0.1
0.1
0.1
0.1
0.1
0.1
0.1
0.1
0.1
0.1
0.1
0.1
0.1
0.1
0.1
0.1
0.1
0.1
0.1
0.1
0.1
0.1
0.1
0.1
0.1
0.1
0.1
0.1
0.1
0.1
0.1
0.1
0.1
0.1
0.1
0.1
0.1
0.1
0.1
0.1
0.1
0.1
0.1
0.1
0.1
0.1
0.1
0.1
0.1
0.1
0.1
0.1
0.1
0.1
0.1
0.1
0.1
0.1
0.1
0.1
0.1
0.1
0.1
0.1
0.1
0.1
0.1
0.1
0.1
0.1
0.1
0.1
0.1
0.1
0.1
0.1
0.1
0.1
0.1
0.1
0.1
0.1
0.1
0.1
0.1
0.1
0.1
0.1
0.1
0.1
0.1
0.1
0.1
0.1
0.1
0.1
0.1
0.1
0.1
0.1
0.1
0.1
0.1
0.1
0.1
0.1
0.1
0.1
0.1
0.1
0.1
0.1
0.1
0.1
0.1
0.1
0.1
0.1
0.1
0.1
0.1
0.1
0.1
0.1
0.1
0.1
0.1
0.1
0.1
0.1
0.1
0.1
0.1
0.1
0.1
0.1
0.1
0.1
0.1
0.1
0.1
0.1
0.1
0.1
0.1
0.1
0.1
0.1
0.1
0.1
0.1
0.1
0.1
0.1
0.1
0.1
0.1
0.1
0.1
0.1
0.1
0.1
0.1
0.1
0.1
0.1
0.1
0.1
0.1
0.1
0.1
0.1
0.1
0.1
0.1
0.1
0.1
0.1
0.1
0.1
0.1
0.1
0.1
0.1
0.1
0.1
0.1
0.1
0.1
0.1
0.1
0.1
0.1
0.1
0.1
0.1
0.1
0.1
0.1
0.1
0.1
0.1
0.1
0.1
0.1
0.1
0.1
0.1
0.1
0.1
0.1
0.1
0.1
0.1
0.1
0.1
0.1
0.1
0.1
0.1
0.1
0.1
0.1
0.1
0.1
0.1
0.1
0.1
0.1
0.1
0.1
0.1
0.1
0.1
0.1
0.1
0.1
0.1
0.1
0.1
0.1
0.1
0.1
0.1
0.1
0.1
0.1
0.1
0.1
0.1
0.1
0.1
0.1
0.1
0.1
0.1
0.1
0.1
0.1
0.1
0.1
0.1
0.1
0.1
0.1
0.1
0.1
0.1
0.1
0.1
0.1
0.1
0.1
0.1
0.1
0.1
0.1
0.1
0.1
0.1
0.1
0.1
0.1
0.1
0.1
0.1
0.1
0.1
0.1
0.1
0.1
0.1
0.1
0.1
0.1
0.1
0.1
0.1
0.1
0.1
0.1
0.1
0.1
0.1
0.1
0.1
0.1
0.1
0.1
0.1
0.1
0.1
0.1
0.1
0.1
0.1
0.1
0.1
0.1
0.1
0.1
0.1
0.1
0.1
0.1
0.1
0.1
0.1
0.1
0.1
0.1
0.1
0.1
0.1
0.1
0.1
0.1
0.1
0.1
0.1
0.1
0.1
0.1
0.1
0.1
0.1
0.1
0.1
0.1
0.1
0.1
0.1
0.1
0.1
0.1
0.1
0.1
0.1
0.1
0.1
0.1
0.1
0.1
0.1
0.1
0.1
0.1
0.1
0.1
0.1
0.1
0.1
0.1
0.1
0.1
0.1
0.1
0.1
0.1
0.1
0.1
0.1
0.1
0.1
0.1
0.1
0.1
0.1
0.1
0.1
0.1
0.1
0.1
0.1
0.1
0.1
0.1
0.1
0.1
0.1
0.1
0.1
0.1
0.1
0.1
0.1
0.1
0.1
0.1
0.1
0.1
0.1
0.1
0.1
0.1
0.1
0.1
0.1
0.1
0.1
0.1
0.1
0.1
0.1
0.1
0.1
0.1
0.1
0.1
0.1
0.1
0.1
0.1
0.1
0.1
0.1
0.1
0.1
0.1
0.1
0.1
0.1
0.1
0.1
0.1
0.1
0.1
0.1
0.1
0.1
0.1
0.1
0.1
0.1
0.1
0.1
0.1
0.1
0.1
0.1
0.1
0.1
0.1
0.1
0.1
0.1
0.1
0.1
0.1
0.1
0.1
0.1
0.1
0.1
0.1
0.1
0.1
0.1
0.1
0.1
0.1
0.1
0.1
0.1
0.1
0.1
0.1
0.1
0.1
0.1
0.1
0.1
0.1
0.1
0.1
0.1
0.1
0.1
0.1
0.1
0.1
0.1
0.1
0.1
0.1
0.1
0.1
0.1
0.1
0.1
0.1
0.1
0.1
0.1
0.1
0.1
0.1
0.1
0.1
0.1
0.1
0.1
0.1
0.1
0.1
0.1
0.1
0.1
0.1
0.1
0.1
0.1
0.1
0.1
0.1
0.1
0.1
0.1
0.1
0.1
0.1
0.1
0.1
0.1
0.1
0.1
0.1
0.1
0.1
0.1
0.1
0.1
0.1
0.1
0.1
0.1
0.1
0.1
0.1
0.1
0.1
0.1
0.1
0.1
0.1
0.1
0.1
0.1
0.1
0.1
0.1
0.1
0.1
0.1
0.1
0.1
0.1
0.1
0.1
0.1
0.1
0.1
0.1
0.1
0.1
0.1
0.1
0.1
0.1
0.1
0.1
0.1
0.1
0.1
0.1
0.1
0.1
0.1
0.1
0.1
0.1
0.1
0.1
0.1
0.1
0.1
0.1
0.1
0.1
0.1
0.1
0.1
0.1
0.1
0.1
0.1
0.1
0.1
0.1
0.1
0.1
0.1
0.1
0.1
0.1
0.1
0.1
0.1
0.1
0.1
0.1
0.1
0.1
0.1
0.1
0.1
0.1
0.1
0.1
0.1
0.1
0.1
0.1
0.1
0.1
0.1
0.1
0.1
0.1
0.1
0.1
0.1
0.1
0.1
0.1
0.1
0.1
0.1
0.1
0.1
0.1
0.1
0.1
0.1
0.1
0.1
0.1
0.1
0.1
0.1
0.1
0.1
0.1
0.1
0.1
0.1
0.1
0.1
0.1
0.1
0.1
0.1
0.1
0.1
0.1
0.1
0.1
0.1
0.1
0.1
0.1
0.1
0.1
0.1
0.1
0.1
0.1
0.1
0.1
0.0938364
0.0938364
0.0871099
0.0871099
0.0783248
0.0783248
0.0688383
0.0688383
0.0577125
0.0577125
0.0466605
0.0466605
0.0382996
0.0382996
0.0273816
0.0273816
0.0179649
0.0179649
0.0105014
0.0105014
-0.00108524
-0.00108524
-0.0143177
-0.0143177
-0.0208171
-0.0208171
-0.0304157
-0.0304157
-0.0392245
-0.0392245
-0.0469445
-0.0469445
-0.0552999
-0.0552999
-0.0610645
-0.0610645
-0.0686754
-0.0686754
-0.0773086
-0.0773086
-0.080652
-0.080652
-0.0832322
-0.0832322
-0.0887563
-0.0887563
-0.0937167
-0.0937167
-0.0940133
-0.0940133
-0.101026
-0.101026
-0.110317
-0.110317
-0.115345
-0.115345
-0.119115
-0.119115
-0.121537
-0.121537
-0.123086
-0.123086
-0.127769
-0.127769
-0.131219
-0.131219
-0.134203
-0.134203
-0.1383
-0.1383
-0.142809
-0.142809
-0.14185
-0.14185
-0.143536
-0.143536
-0.146438
-0.146438
-0.145512
-0.145512
-0.149201
-0.149201
-0.149151
-0.149151
-0.152468
-0.152468
-0.154943
-0.154943
-0.157321
-0.157321
-0.15837
-0.15837
-0.159503
-0.159503
-0.165483
-0.165483
-0.166532
-0.166532
-0.165114
-0.165114
-0.16854
-0.16854
-0.172087
-0.172087
-0.172406
-0.172406
-0.172698
-0.172698
-0.176557
-0.176557
-0.183096
-0.183096
-0.185993
-0.185993
-0.181669
-0.181669
-0.182747
-0.182747
-0.184254
-0.184254
-0.185805
-0.185805
-0.187279
-0.187279
-0.187311
-0.187311
-0.192088
-0.192088
-0.19448
-0.19448
-0.200453
-0.200453
-0.2021
-0.2021
-0.202691
-0.202691
-0.203853
-0.203853
-0.206544
-0.206544
-0.207678
-0.207678
-0.206819
-0.206819
-0.208086
-0.208086
-0.209157
-0.209157
-0.210746
-0.210746
-0.210918
-0.210918
-0.210971
-0.210971
-0.212475
-0.212475
-0.210246
-0.210246
-0.20971
-0.20971
-0.206677
-0.206677
-0.20603
-0.20603
-0.206385
-0.206385
-0.205977
-0.205977
-0.202824
-0.202824
-0.197204
-0.197204
-0.196359
-0.196359
-0.199333
-0.199333
-0.197702
-0.197702
-0.201203
-0.201203
-0.199507
-0.199507
-0.197644
-0.197644
-0.195188
-0.195188
-0.196919
-0.196919
-0.197155
-0.197155
-0.199124
-0.199124
-0.20032
-0.20032
-0.201865
-0.201865
-0.205099
-0.205099
-0.205232
-0.205232
-0.204532
-0.204532
-0.204483
-0.204483
-0.208418
-0.208418
-0.204452
-0.204452
-0.204541
-0.204541
-0.201798
-0.201798
-0.198013
-0.198013
-0.197528
-0.197528
-0.19314
-0.19314
-0.190372
-0.190372
-0.190581
-0.190581
-0.19183
-0.19183
-0.192062
-0.192062
-0.192013
-0.192013
-0.196363
-0.196363
-0.19598
-0.19598
-0.196732
-0.196732
-0.195451
-0.195451
-0.190996
-0.190996
-0.188195
-0.188195
-0.186819
-0.186819
-0.188382
-0.188382
-0.192636
-0.192636
-0.194057
-0.194057
-0.193616
-0.193616
-0.191268
-0.191268
-0.188462
-0.188462
-0.186203
-0.186203
-0.184299
-0.184299
-0.184594
-0.184594
-0.185667
-0.185667
-0.186399
-0.186399
-0.187101
-0.187101
-0.189038
-0.189038
-0.190135
-0.190135
-0.189194
-0.189194
-0.192146
-0.192146
-0.190345
-0.190345
-0.192039
-0.192039
-0.192971
-0.192971
-0.195429
-0.195429
-0.196479
-0.196479
-0.199484
-0.199484
-0.201554
-0.201554
-0.205015
-0.205015
-0.206145
-0.206145
-0.210732
-0.210732
-0.209073
-0.209073
-0.209232
-0.209232
-0.212492
-0.212492
-0.214335
-0.214335
-0.215505
-0.215505
-0.215523
-0.215523
-0.216031
-0.216031
-0.214927
-0.214927
-0.216865
-0.216865
-0.214618
-0.214618
-0.217527
-0.217527
-0.215439
-0.215439
-0.21502
-0.21502
-0.220767
-0.220767
-0.221344
-0.221344
-0.219463
-0.219463
-0.221934
-0.221934
-0.222797
-0.222797
-0.22476
-0.22476
-0.22344
-0.22344
-0.224325
-0.224325
-0.222414
-0.222414
-0.222273
-0.222273
-0.222582
-0.222582
-0.224294
-0.224294
-0.225701
-0.225701
-0.224786
-0.224786
-0.229028
-0.229028
-0.232595
-0.232595
-0.235264
-0.235264
-0.234209
-0.234209
-0.237865
-0.237865
-0.2401
-0.2401
-0.239422
-0.239422
-0.24114
-0.24114
-0.244887
-0.244887
-0.248894
-0.248894
-0.255642
-0.255642
-0.259606
-0.259606
-0.263572
-0.263572
-0.262918
-0.262918
-0.267445
-0.267445
-0.271995
-0.271995
-0.276631
-0.276631
-0.277475
-0.277475
-0.27992
-0.27992
-0.28134
-0.28134
-0.284907
-0.284907
-0.281598
-0.281598
-0.285375
-0.285375
-0.285022
-0.285022
-0.29077
-0.29077
-0.288653
-0.288653
-0.289699
-0.289699
-0.290119
-0.290119
-0.290286
-0.290286
-0.287816
-0.287816
-0.287314
-0.287314
-0.293194
-0.293194
-0.29366
-0.29366
-0.29443
-0.29443
-0.293823
-0.293823
-0.292843
-0.292843
-0.291747
-0.291747
-0.293455
-0.293455
-0.292637
-0.292637
-0.292055
-0.292055
-0.291053
-0.291053
-0.291648
-0.291648
-0.294683
-0.294683
-0.293951
-0.293951
-0.292945
-0.292945
-0.296167
-0.296167
-0.293823
-0.293823
-0.295495
-0.295495
-0.292526
-0.292526
-0.287928
-0.287928
-0.29002
-0.29002
-0.292586
-0.292586
-0.291807
-0.291807
-0.287851
-0.287851
-0.288816
-0.288816
-0.288966
-0.288966
-0.292766
-0.292766
-0.291211
-0.291211
-0.291271
-0.291271
-0.295559
-0.295559
-0.295692
-0.295692
-0.299315
-0.299315
-0.303747
-0.303747
-0.301974
-0.301974
-0.30037
-0.30037
-0.297359
-0.297359
-0.297218
-0.297218
-0.298119
-0.298119
-0.299298
-0.299298
-0.298769
-0.298769
-0.297876
-0.297876
-0.298816
-0.298816
-0.296974
-0.296974
-0.29544
-0.29544
-0.297359
-0.297359
-0.299495
-0.299495
-0.302541
-0.302541
-0.301906
-0.301906
-0.303445
-0.303445
-0.307048
-0.307048
-0.308759
-0.308759
-0.312448
-0.312448
-0.312559
-0.312559
-0.311654
-0.311654
-0.315262
-0.315262
-0.318213
-0.318213
-0.321825
-0.321825
-0.321186
-0.321186
-0.319688
-0.319688
-0.322033
-0.322033
-0.316632
-0.316632
-0.31998
-0.31998
-0.317764
-0.317764
-0.317663
-0.317663
-0.319895
-0.319895
-0.319988
-0.319988
-0.319832
-0.319832
-0.319722
-0.319722
-0.319476
-0.319476
-0.31959
-0.31959
-0.316989
-0.316989
-0.314605
-0.314605
-0.314036
-0.314036
-0.311798
-0.311798
-0.308967
-0.308967
-0.310698
-0.310698
-0.306763
-0.306763
-0.303696
-0.303696
-0.304808
-0.304808
-0.303048
-0.303048
-0.304024
-0.304024
-0.303023
-0.303023
-0.303726
-0.303726
-0.301325
-0.301325
-0.303837
-0.303837
-0.305899
-0.305899
-0.307985
-0.307985
-0.307827
-0.307827
-0.30858
-0.30858
-0.308882
-0.308882
-0.308065
-0.308065
-0.310175
-0.310175
-0.310906
-0.310906
-0.312367
-0.312367
-0.310166
-0.310166
-0.312924
-0.312924
-0.315394
-0.315394
-0.318129
-0.318129
-0.322997
-0.322997
-0.327172
-0.327172
-0.326894
-0.326894
-0.326036
-0.326036
-0.328814
-0.328814
-0.331998
-0.331998
-0.333287
-0.333287
-0.337046
-0.337046
-0.340509
-0.340509
-0.344198
-0.344198
-0.344454
-0.344454
-0.344001
-0.344001
-0.345275
-0.345275
-0.347207
-0.347207
-0.347714
-0.347714
-0.348363
-0.348363
-0.348208
-0.348208
-0.350614
-0.350614
-0.353549
-0.353549
-0.352174
-0.352174
-0.352023
-0.352023
-0.351262
-0.351262
-0.352412
-0.352412
-0.350781
-0.350781
-0.354418
-0.354418
-0.353937
-0.353937
-0.350192
-0.350192
-0.348078
-0.348078
-0.346583
-0.346583
-0.34647
-0.34647
-0.3453
-0.3453
-0.343283
-0.343283
-0.344433
-0.344433
-0.343053
-0.343053
-0.338891
-0.338891
-0.336457
-0.336457
-0.337222
-0.337222
-0.338509
-0.338509
-0.339904
-0.339904
-0.340971
-0.340971
-0.343749
-0.343749
-0.34296
-0.34296
-0.341701
-0.341701
-0.341504
-0.341504
-0.341109
-0.341109
-0.340954
-0.340954
-0.339152
-0.339152
-0.341861
-0.341861
-0.342671
-0.342671
-0.346608
-0.346608
-0.349568
-0.349568
-0.353252
-0.353252
-0.356405
-0.356405
-0.357077
-0.357077
-0.359487
-0.359487
-0.359179
-0.359179
-0.359274
-0.359274
-0.35537
-0.35537
-0.356589
-0.356589
-0.357231
-0.357231
-0.356868
-0.356868
-0.354263
-0.354263
-0.354652
-0.354652
-0.356351
-0.356351
-0.353641
-0.353641
-0.353223
-0.353223
-0.35163
-0.35163
-0.352705
-0.352705
-0.352972
-0.352972
-0.355044
-0.355044
-0.354326
-0.354326
-0.355006
-0.355006
-0.352742
-0.352742
-0.352993
-0.352993
-0.350581
-0.350581
-0.346306
-0.346306
-0.347429
-0.347429
-0.348513
-0.348513
-0.34608
-0.34608
-0.345233
-0.345233
-0.342058
-0.342058
-0.339677
-0.339677
-0.339089
-0.339089
-0.339593
-0.339593
-0.340127
-0.340127
-0.33734
-0.33734
-0.337054
-0.337054
-0.341651
-0.341651
-0.341521
-0.341521
-0.337496
-0.337496
-0.33958
-0.33958
-0.336852
-0.336852
-0.335977
-0.335977
-0.338622
-0.338622
-0.343539
-0.343539
-0.346252
-0.346252
-0.346063
-0.346063
-0.348878
-0.348878
-0.350664
-0.350664
-0.352621
-0.352621
-0.352964
-0.352964
-0.353248
-0.353248
-0.354226
-0.354226
-0.356213
-0.356213
-0.356818
-0.356818
-0.356901
-0.356901
-0.36092
-0.36092
-0.359604
-0.359604
-0.362574
-0.362574
-0.36326
-0.36326
-0.363477
-0.363477
-0.368291
-0.368291
-0.370114
-0.370114
-0.368723
-0.368723
-0.372225
-0.372225
-0.369499
-0.369499
-0.372084
-0.372084
-0.374679
-0.374679
-0.377615
-0.377615
-0.377834
-0.377834
-0.37819
-0.37819
-0.379662
-0.379662
-0.380005
-0.380005
-0.381051
-0.381051
-0.381427
-0.381427
-0.382084
-0.382084
-0.377909
-0.377909
-0.383331
-0.383331
-0.385473
-0.385473
-0.387675
-0.387675
-0.3895
-0.3895
-0.387918
-0.387918
-0.383608
-0.383608
-0.383224
-0.383224
-0.384425
-0.384425
-0.384091
-0.384091
-0.383996
-0.383996
-0.384891
-0.384891
-0.384066
-0.384066
-0.381237
-0.381237
-0.380113
-0.380113
-0.375508
-0.375508
-0.375942
-0.375942
-0.375118
-0.375118
-0.374485
-0.374485
-0.375595
-0.375595
-0.371612
-0.371612
-0.371869
-0.371869
-0.370247
-0.370247
-0.3704
-0.3704
-0.37281
-0.37281
-0.370359
-0.370359
-0.368648
-0.368648
-0.366991
-0.366991
-0.367169
-0.367169
-0.368466
-0.368466
-0.365536
-0.365536
-0.365187
-0.365187
-0.369172
-0.369172
-0.366991
-0.366991
-0.366413
-0.366413
-0.364205
-0.364205
-0.363539
-0.363539
-0.360283
-0.360283
-0.362211
-0.362211
-0.366193
-0.366193
-0.367086
-0.367086
-0.371512
-0.371512
-0.372279
-0.372279
-0.369354
-0.369354
-0.370653
-0.370653
-0.366924
-0.366924
-0.367951
-0.367951
-0.366093
-0.366093
-0.365993
-0.365993
-0.364143
-0.364143
-0.365852
-0.365852
-0.363364
-0.363364
-0.362132
-0.362132
-0.360833
-0.360833
-0.35995
-0.35995
-0.358841
-0.358841
-0.35872
-0.35872
-0.357928
-0.357928
-0.358987
-0.358987
-0.358912
-0.358912
-0.356701
-0.356701
-0.360195
-0.360195
-0.36371
-0.36371
-0.362757
-0.362757
-0.363011
-0.363011
-0.363635
-0.363635
-0.361683
-0.361683
-0.36366
-0.36366
-0.364068
-0.364068
-0.36665
-0.36665
-0.36586
-0.36586
-0.364804
-0.364804
-0.364155
-0.364155
-0.365656
-0.365656
-0.366239
-0.366239
-0.361424
-0.361424
-0.362952
-0.362952
-0.36537
-0.36537
-0.362007
-0.362007
-0.360645
-0.360645
-0.360941
-0.360941
-0.365024
-0.365024
-0.372259
-0.372259
-0.371914
-0.371914
-0.372881
-0.372881
-0.374232
-0.374232
-0.376485
-0.376485
-0.380373
-0.380373
-0.381125
-0.381125
-0.383843
-0.383843
-0.387679
-0.387679
-0.385778
-0.385778
-0.384697
-0.384697
-0.388284
-0.388284
-0.385551
-0.385551
-0.387155
-0.387155
-0.387551
-0.387551
-0.387712
-0.387712
-0.387877
-0.387877
-0.387539
-0.387539
-0.38943
-0.38943
-0.388709
-0.388709
-0.390883
-0.390883
-0.389446
-0.389446
-0.386203
-0.386203
-0.385448
-0.385448
-0.386681
-0.386681
-0.386182
-0.386182
-0.387106
-0.387106
-0.390677
-0.390677
-0.390739
-0.390739
-0.395275
-0.395275
-0.396105
-0.396105
-0.395476
-0.395476
-0.396869
-0.396869
-0.392566
-0.392566
-0.393257
-0.393257
-0.392249
-0.392249
-0.395579
-0.395579
-0.396146
-0.396146
-0.396142
-0.396142
-0.397349
-0.397349
-0.394749
-0.394749
-0.398096
-0.398096
-0.401406
-0.401406
-0.401943
-0.401943
-0.399331
-0.399331
-0.402197
-0.402197
-0.402939
-0.402939
-0.404728
-0.404728
-0.406414
-0.406414
-0.406451
-0.406451
-0.405968
-0.405968
-0.406369
-0.406369
-0.404405
-0.404405
-0.401136
-0.401136
-0.400836
-0.400836
-0.403139
-0.403139
-0.402566
-0.402566
-0.400554
-0.400554
-0.401693
-0.401693
-0.403496
-0.403496
-0.407293
-0.407293
-0.402431
-0.402431
-0.400111
-0.400111
-0.399368
-0.399368
-0.397008
-0.397008
-0.397107
-0.397107
-0.39442
-0.39442
-0.391677
-0.391677
-0.391492
-0.391492
-0.390702
-0.390702
-0.38697
-0.38697
-0.383831
-0.383831
-0.382724
-0.382724
-0.379228
-0.379228
-0.382233
-0.382233
-0.380878
-0.380878
-0.377685
-0.377685
-0.372549
-0.372549
-0.368927
-0.368927
-0.369387
-0.369387
-0.365216
-0.365216
-0.363781
-0.363781
-0.362561
-0.362561
-0.363456
-0.363456
-0.361866
-0.361866
-0.363727
-0.363727
-0.364438
-0.364438
-0.364683
-0.364683
-0.363914
-0.363914
-0.364338
-0.364338
-0.365295
-0.365295
-0.361437
-0.361437
-0.360545
-0.360545
-0.360954
-0.360954
-0.362365
-0.362365
-0.360337
-0.360337
-0.362395
-0.362395
-0.360454
-0.360454
-0.361337
-0.361337
-0.357661
-0.357661
-0.357093
-0.357093
-0.357652
-0.357652
-0.358053
-0.358053
-0.358874
-0.358874
-0.360866
-0.360866
-0.357898
-0.357898
-0.35567
-0.35567
-0.357431
-0.357431
-0.358691
-0.358691
-0.36192
-0.36192
-0.363706
-0.363706
-0.368063
-0.368063
-0.362865
-0.362865
-0.362241
-0.362241
-0.355963
-0.355963
-0.354505
-0.354505
-0.35562
-0.35562
-0.352028
-0.352028
-0.355019
-0.355019
-0.354827
-0.354827
-0.35377
-0.35377
-0.354877
-0.354877
-0.358436
-0.358436
-0.357848
-0.357848
-0.359116
-0.359116
-0.362124
-0.362124
-0.361987
-0.361987
-0.362345
-0.362345
-0.362328
-0.362328
-0.362661
-0.362661
-0.360633
-0.360633
-0.361337
-0.361337
-0.361558
-0.361558
-0.365282
-0.365282
-0.367032
-0.367032
-0.37077
-0.37077
-0.371761
-0.371761
-0.37286
-0.37286
-0.373685
-0.373685
-0.370919
-0.370919
-0.369416
-0.369416
-0.366795
-0.366795
-0.367157
-0.367157
-0.367273
-0.367273
-0.366712
-0.366712
-0.367892
-0.367892
-0.368852
-0.368852
-0.367685
-0.367685
-0.365756
-0.365756
-0.367826
-0.367826
-0.37055
-0.37055
-0.370213
-0.370213
-0.370404
-0.370404
-0.371147
-0.371147
-0.373262
-0.373262
-0.375951
-0.375951
-0.376758
-0.376758
-0.375615
-0.375615
-0.377487
-0.377487
-0.372188
-0.372188
-0.375106
-0.375106
-0.375636
-0.375636
-0.373751
-0.373751
-0.374704
-0.374704
-0.376667
-0.376667
-0.375205
-0.375205
-0.373009
-0.373009
-0.371413
-0.371413
-0.370205
-0.370205
-0.370139
-0.370139
-0.370699
-0.370699
-0.37067
-0.37067
-0.369919
-0.369919
-0.371914
-0.371914
-0.368877
-0.368877
-0.366982
-0.366982
-0.364604
-0.364604
-0.366072
-0.366072
-0.366982
-0.366982
-0.368254
-0.368254
-0.368598
-0.368598
-0.371359
-0.371359
-0.371973
-0.371973
-0.37494
-0.37494
-0.375566
-0.375566
-0.37504
-0.37504
-0.374427
-0.374427
-0.373449
-0.373449
-0.374845
-0.374845
-0.375168
-0.375168
-0.374534
-0.374534
-0.372959
-0.372959
-0.372947
-0.372947
-0.373482
-0.373482
-0.373146
-0.373146
-0.375292
-0.375292
-0.376671
-0.376671
-0.375437
-0.375437
-0.374505
-0.374505
-0.375524
-0.375524
-0.373424
-0.373424
-0.369877
-0.369877
-0.37235
-0.37235
-0.374352
-0.374352
-0.372188
-0.372188
-0.374725
-0.374725
-0.372611
-0.372611
-0.371359
-0.371359
-0.367494
-0.367494
-0.367319
-0.367319
-0.366392
-0.366392
-0.36616
-0.36616
-0.363493
-0.363493
-0.363398
-0.363398
-0.362157
-0.362157
-0.364742
-0.364742
-0.362674
-0.362674
-0.365931
-0.365931
-0.365935
-0.365935
-0.364999
-0.364999
-0.366534
-0.366534
-0.366991
-0.366991
-0.366056
-0.366056
-0.36692
-0.36692
-0.370172
-0.370172
-0.370205
-0.370205
-0.368686
-0.368686
-0.370388
-0.370388
-0.372636
-0.372636
-0.377511
-0.377511
-0.377755
-0.377755
-0.376092
-0.376092
-0.375454
-0.375454
-0.378637
-0.378637
-0.380212
-0.380212
-0.384144
-0.384144
-0.386945
-0.386945
-0.385135
-0.385135
-0.384701
-0.384701
-0.387258
-0.387258
-0.390558
-0.390558
-0.389949
-0.389949
-0.394577
-0.394577
-0.395974
-0.395974
-0.399426
-0.399426
-0.401074
-0.401074
-0.403184
-0.403184
-0.405047
-0.405047
-0.405342
-0.405342
-0.404667
-0.404667
-0.409027
-0.409027
-0.410938
-0.410938
-0.411175
-0.411175
-0.411248
-0.411248
-0.407612
-0.407612
-0.40713
-0.40713
-0.406991
-0.406991
-0.408691
-0.408691
-0.408888
-0.408888
-0.410248
-0.410248
-0.412114
-0.412114
-0.411371
-0.411371
-0.410767
-0.410767
-0.413554
-0.413554
-0.415862
-0.415862
-0.416929
-0.416929
-0.416783
-0.416783
-0.41525
-0.41525
-0.418546
-0.418546
-0.420471
-0.420471
-0.423129
-0.423129
-0.428836
-0.428836
-0.42811
-0.42811
-0.427802
-0.427802
-0.426776
-0.426776
-0.429201
-0.429201
-0.429699
-0.429699
-0.432117
-0.432117
-0.430392
-0.430392
-0.433202
-0.433202
-0.432126
-0.432126
-0.430684
-0.430684
-0.431048
-0.431048
-0.426333
-0.426333
-0.424502
-0.424502
-0.424246
-0.424246
-0.421361
-0.421361
-0.419413
-0.419413
-0.417495
-0.417495
-0.417658
-0.417658
-0.417764
-0.417764
-0.417874
-0.417874
-0.417585
-0.417585
-0.416188
-0.416188
-0.415454
-0.415454
-0.412901
-0.412901
-0.411502
-0.411502
-0.41262
-0.41262
-0.412767
-0.412767
-0.409938
-0.409938
-0.409541
-0.409541
-0.41046
-0.41046
-0.405211
-0.405211
-0.404401
-0.404401
-0.402865
-0.402865
-0.402316
-0.402316
-0.403225
-0.403225
-0.401697
-0.401697
-0.399512
-0.399512
-0.394975
-0.394975
-0.392582
-0.392582
-0.389693
-0.389693
-0.38758
-0.38758
-0.387019
-0.387019
-0.381452
-0.381452
-0.377338
-0.377338
-0.374282
-0.374282
-0.375793
-0.375793
-0.374729
-0.374729
-0.373312
-0.373312
-0.373544
-0.373544
-0.374567
-0.374567
-0.374041
-0.374041
-0.374087
-0.374087
-0.372603
-0.372603
-0.371023
-0.371023
-0.369238
-0.369238
-0.371097
-0.371097
-0.371587
-0.371587
-0.370467
-0.370467
-0.366949
-0.366949
-0.365864
-0.365864
-0.361795
-0.361795
-0.363747
-0.363747
-0.364883
-0.364883
-0.366396
-0.366396
-0.364925
-0.364925
-0.362257
-0.362257
-0.362365
-0.362365
-0.361449
-0.361449
-0.362328
-0.362328
-0.365153
-0.365153
-0.367253
-0.367253
-0.368985
-0.368985
-0.369367
-0.369367
-0.368366
-0.368366
-0.366463
-0.366463
-0.361541
-0.361541
-0.360525
-0.360525
-0.361816
-0.361816
-0.361308
-0.361308
-0.361387
-0.361387
-0.363589
-0.363589
-0.362828
-0.362828
-0.364816
-0.364816
-0.364471
-0.364471
-0.366633
-0.366633
-0.367643
-0.367643
-0.366505
-0.366505
-0.366883
-0.366883
-0.368603
-0.368603
-0.367539
-0.367539
-0.367589
-0.367589
-0.365108
-0.365108
-0.363007
-0.363007
-0.366563
-0.366563
-0.367394
-0.367394
-0.36613
-0.36613
-0.366995
-0.366995
-0.36886
-0.36886
-0.371242
-0.371242
-0.368582
-0.368582
-0.369657
-0.369657
-0.372947
-0.372947
-0.373668
-0.373668
-0.372748
-0.372748
-0.375959
-0.375959
-0.380191
-0.380191
-0.381336
-0.381336
-0.385964
-0.385964
-0.38506
-0.38506
-0.388272
-0.388272
-0.392056
-0.392056
-0.391377
-0.391377
-0.394087
-0.394087
-0.393372
-0.393372
-0.39856
-0.39856
-0.401423
-0.401423
-0.402599
-0.402599
-0.401066
-0.401066
-0.402148
-0.402148
-0.403709
-0.403709
-0.40116
-0.40116
-0.403561
-0.403561
-0.406209
-0.406209
-0.405043
-0.405043
-0.404495
-0.404495
-0.406402
-0.406402
-0.407927
-0.407927
-0.4076
-0.4076
-0.407706
-0.407706
-0.407911
-0.407911
-0.407653
-0.407653
-0.40852
-0.40852
-0.406893
-0.406893
-0.404478
-0.404478
-0.40413
-0.40413
-0.404163
-0.404163
-0.405375
-0.405375
-0.402619
-0.402619
-0.401783
-0.401783
-0.401533
-0.401533
-0.397308
-0.397308
-0.396729
-0.396729
-0.397973
-0.397973
-0.398322
-0.398322
-0.39484
-0.39484
-0.394815
-0.394815
-0.394642
-0.394642
-0.390895
-0.390895
-0.385964
-0.385964
-0.385225
-0.385225
-0.381336
-0.381336
-0.378881
-0.378881
-0.374103
-0.374103
-0.367169
-0.367169
-0.36366
-0.36366
-0.357815
-0.357815
-0.357965
-0.357965
-0.357511
-0.357511
-0.355119
-0.355119
-0.35334
-0.35334
-0.353791
-0.353791
-0.354718
-0.354718
-0.356497
-0.356497
-0.3542
-0.3542
-0.352671
-0.352671
-0.350878
-0.350878
-0.346243
-0.346243
-0.345828
-0.345828
-0.347345
-0.347345
-0.348974
-0.348974
-0.349597
-0.349597
-0.350756
-0.350756
-0.351927
-0.351927
-0.352446
-0.352446
-0.353373
-0.353373
-0.355123
-0.355123
-0.353507
-0.353507
-0.35377
-0.35377
-0.353315
-0.353315
-0.352943
-0.352943
-0.349551
-0.349551
-0.345795
-0.345795
-0.346851
-0.346851
-0.346545
-0.346545
-0.348576
-0.348576
-0.350752
-0.350752
-0.348748
-0.348748
-0.346532
-0.346532
-0.347458
-0.347458
-0.346792
-0.346792
-0.339614
-0.339614
-0.340698
-0.340698
-0.339765
-0.339765
-0.340685
-0.340685
-0.33681
-0.33681
-0.336612
-0.336612
-0.33995
-0.33995
-0.338706
-0.338706
-0.339858
-0.339858
-0.345359
-0.345359
-0.349777
-0.349777
-0.350405
-0.350405
-0.352412
-0.352412
-0.356184
-0.356184
-0.359333
-0.359333
-0.359462
-0.359462
-0.360637
-0.360637
-0.35827
-0.35827
-0.359829
-0.359829
-0.3602
-0.3602
-0.360512
-0.360512
-0.360937
-0.360937
-0.361795
-0.361795
-0.362216
-0.362216
-0.36097
-0.36097
-0.363294
-0.363294
-0.362765
-0.362765
-0.361912
-0.361912
-0.357719
-0.357719
-0.359466
-0.359466
-0.361962
-0.361962
-0.36127
-0.36127
-0.360108
-0.360108
-0.361329
-0.361329
-0.362274
-0.362274
-0.357807
-0.357807
-0.353244
-0.353244
-0.350459
-0.350459
-0.349351
-0.349351
-0.353139
-0.353139
-0.354856
-0.354856
-0.353139
-0.353139
-0.352036
-0.352036
-0.352161
-0.352161
-0.350116
-0.350116
-0.35354
-0.35354
-0.354025
-0.354025
-0.352675
-0.352675
-0.350827
-0.350827
-0.349635
-0.349635
-0.353415
-0.353415
-0.353265
-0.353265
-0.351212
-0.351212
-0.352784
-0.352784
-0.352588
-0.352588
-0.355791
-0.355791
-0.357911
-0.357911
-0.358261
-0.358261
-0.358912
-0.358912
-0.356889
-0.356889
-0.357423
-0.357423
-0.360245
-0.360245
-0.3562
-0.3562
-0.356547
-0.356547
-0.357527
-0.357527
-0.360462
-0.360462
-0.357256
-0.357256
-0.35822
-0.35822
-0.35967
-0.35967
-0.362536
-0.362536
-0.363968
-0.363968
-0.363989
-0.363989
-0.367622
-0.367622
-0.37001
-0.37001
-0.374087
-0.374087
-0.372835
-0.372835
-0.370861
-0.370861
-0.371479
-0.371479
-0.373457
-0.373457
-0.375048
-0.375048
-0.375247
-0.375247
-0.373701
-0.373701
-0.374708
-0.374708
-0.376245
-0.376245
-0.377515
-0.377515
-0.377818
-0.377818
-0.377793
-0.377793
-0.381278
-0.381278
-0.38229
-0.38229
-0.384388
-0.384388
-0.382559
-0.382559
-0.383913
-0.383913
-0.385469
-0.385469
-0.386153
-0.386153
-0.388396
-0.388396
-0.391146
-0.391146
-0.393775
-0.393775
-0.394309
-0.394309
-0.393294
-0.393294
-0.396064
-0.396064
-0.391332
-0.391332
-0.392953
-0.392953
-0.392722
-0.392722
-0.394083
-0.394083
-0.396376
-0.396376
-0.395053
-0.395053
-0.393894
-0.393894
-0.393578
-0.393578
-0.396491
-0.396491
-0.395694
-0.395694
-0.395727
-0.395727
-0.397838
-0.397838
-0.394815
-0.394815
-0.390105
-0.390105
-0.391398
-0.391398
-0.392389
-0.392389
-0.391241
-0.391241
-0.390134
-0.390134
-0.388902
-0.388902
-0.390006
-0.390006
-0.388635
-0.388635
-0.390488
-0.390488
-0.388116
-0.388116
-0.388008
-0.388008
-0.390294
-0.390294
-0.387551
-0.387551
-0.387675
-0.387675
-0.38819
-0.38819
-0.388783
-0.388783
-0.388837
-0.388837
-0.38711
-0.38711
-0.38697
-0.38697
-0.385894
-0.385894
-0.384379
-0.384379
-0.383236
-0.383236
-0.383901
-0.383901
-0.383492
-0.383492
-0.384924
-0.384924
-0.384545
-0.384545
-0.383802
-0.383802
-0.383847
-0.383847
-0.384771
-0.384771
-0.384029
-0.384029
-0.381361
-0.381361
-0.38605
-0.38605
-0.385267
-0.385267
-0.386718
-0.386718
-0.386071
-0.386071
-0.385477
-0.385477
-0.382699
-0.382699
-0.380324
-0.380324
-0.379129
-0.379129
-0.375661
-0.375661
-0.375723
-0.375723
-0.376497
-0.376497
-0.377201
-0.377201
-0.376816
-0.376816
-0.379956
-0.379956
-0.379092
-0.379092
-0.37917
-0.37917
-0.380208
-0.380208
-0.37881
-0.37881
-0.382625
-0.382625
-0.380497
-0.380497
-0.382018
-0.382018
-0.383348
-0.383348
-0.382158
-0.382158
-0.378144
-0.378144
-0.377615
-0.377615
-0.376758
-0.376758
-0.378289
-0.378289
-0.379819
-0.379819
-0.378471
-0.378471
-0.378831
-0.378831
-0.381609
-0.381609
-0.379778
-0.379778
-0.382361
-0.382361
-0.383298
-0.383298
-0.385168
-0.385168
-0.382183
-0.382183
-0.377958
-0.377958
-0.377102
-0.377102
-0.376439
-0.376439
-0.377354
-0.377354
-0.376601
-0.376601
-0.375487
-0.375487
-0.373507
-0.373507
-0.37089
-0.37089
-0.370458
-0.370458
-0.368399
-0.368399
-0.368889
-0.368889
-0.369869
-0.369869
-0.368117
-0.368117
-0.369225
-0.369225
-0.36886
-0.36886
-0.366105
-0.366105
-0.367847
-0.367847
-0.367826
-0.367826
-0.365869
-0.365869
-0.363127
-0.363127
-0.358858
-0.358858
-0.356684
-0.356684
-0.351091
-0.351091
-0.351233
-0.351233
-0.350936
-0.350936
-0.352563
-0.352563
-0.35344
-0.35344
-0.354088
-0.354088
-0.355733
-0.355733
-0.354731
-0.354731
-0.354539
-0.354539
-0.353306
-0.353306
-0.352437
-0.352437
-0.353532
-0.353532
-0.351697
-0.351697
-0.349405
-0.349405
-0.351752
-0.351752
-0.351647
-0.351647
-0.352567
-0.352567
-0.351731
-0.351731
-0.3502
-0.3502
-0.34971
-0.34971
-0.347538
-0.347538
-0.347165
-0.347165
-0.34804
-0.34804
-0.346348
-0.346348
-0.343107
-0.343107
-0.341391
-0.341391
-0.340996
-0.340996
-0.340975
-0.340975
-0.340836
-0.340836
-0.342444
-0.342444
-0.340148
-0.340148
-0.339551
-0.339551
-0.338853
-0.338853
-0.336503
-0.336503
-0.33434
-0.33434
-0.330063
-0.330063
-0.328038
-0.328038
-0.324228
-0.324228
-0.321711
-0.321711
-0.321432
-0.321432
-0.32172
-0.32172
-0.321758
-0.321758
-0.320526
-0.320526
-0.31851
-0.31851
-0.316302
-0.316302
-0.316094
-0.316094
-0.317887
-0.317887
-0.316319
-0.316319
-0.316976
-0.316976
-0.315682
-0.315682
-0.314159
-0.314159
-0.313408
-0.313408
-0.310247
-0.310247
-0.310642
-0.310642
-0.311577
-0.311577
-0.316141
-0.316141
-0.317145
-0.317145
-0.316628
-0.316628
-0.316823
-0.316823
-0.316844
-0.316844
-0.317963
-0.317963
-0.314842
-0.314842
-0.314274
-0.314274
-0.312554
-0.312554
-0.309031
-0.309031
-0.305558
-0.305558
-0.304651
-0.304651
-0.303061
-0.303061
-0.303134
-0.303134
-0.305882
-0.305882
-0.304186
-0.304186
-0.304868
-0.304868
-0.303517
-0.303517
-0.301995
-0.301995
-0.303036
-0.303036
-0.30362
-0.30362
-0.302827
-0.302827
-0.30318
-0.30318
-0.301547
-0.301547
-0.302677
-0.302677
-0.303257
-0.303257
-0.302805
-0.302805
-0.30194
-0.30194
-0.300643
-0.300643
-0.295859
-0.295859
-0.295713
-0.295713
-0.295585
-0.295585
-0.296577
-0.296577
-0.299507
-0.299507
-0.302976
-0.302976
-0.300096
-0.300096
-0.30115
-0.30115
-0.296902
-0.296902
-0.297286
-0.297286
-0.294909
-0.294909
-0.299823
-0.299823
-0.301342
-0.301342
-0.302068
-0.302068
-0.302157
-0.302157
-0.304323
-0.304323
-0.30237
-0.30237
-0.300489
-0.300489
-0.302132
-0.302132
-0.303112
-0.303112
-0.302468
-0.302468
-0.30411
-0.30411
-0.304178
-0.304178
-0.307665
-0.307665
-0.309881
-0.309881
-0.312822
-0.312822
-0.31088
-0.31088
-0.309588
-0.309588
-0.308367
-0.308367
-0.302456
-0.302456
-0.298128
-0.298128
-0.297312
-0.297312
-0.296979
-0.296979
-0.29523
-0.29523
-0.293057
-0.293057
-0.292539
-0.292539
-0.29384
-0.29384
-0.291053
-0.291053
-0.289008
-0.289008
-0.291378
-0.291378
-0.287988
-0.287988
-0.285121
-0.285121
-0.286452
-0.286452
-0.286087
-0.286087
-0.287851
-0.287851
-0.291001
-0.291001
-0.291708
-0.291708
-0.288824
-0.288824
-0.288134
-0.288134
-0.290256
-0.290256
-0.291374
-0.291374
-0.29146
-0.29146
-0.293104
-0.293104
-0.296812
-0.296812
-0.298688
-0.298688
-0.303036
-0.303036
-0.30211
-0.30211
-0.308308
-0.308308
-0.311781
-0.311781
-0.313382
-0.313382
-0.317302
-0.317302
-0.315937
-0.315937
-0.317514
-0.317514
-0.31648
-0.31648
-0.320234
-0.320234
-0.318722
-0.318722
-0.319222
-0.319222
-0.318709
-0.318709
-0.315958
-0.315958
-0.316836
-0.316836
-0.316582
-0.316582
-0.313892
-0.313892
-0.314049
-0.314049
-0.313794
-0.313794
-0.313815
-0.313815
-0.317112
-0.317112
-0.317251
-0.317251
-0.320077
-0.320077
-0.317468
-0.317468
-0.316764
-0.316764
-0.318201
-0.318201
-0.321051
-0.321051
-0.318281
-0.318281
-0.317887
-0.317887
-0.31751
-0.31751
-0.320645
-0.320645
-0.321965
-0.321965
-0.322904
-0.322904
-0.323864
-0.323864
-0.327405
-0.327405
-0.32626
-0.32626
-0.325369
-0.325369
-0.326974
-0.326974
-0.329076
-0.329076
-0.331657
-0.331657
-0.332638
-0.332638
-0.335144
-0.335144
-0.336158
-0.336158
-0.34019
-0.34019
-0.341806
-0.341806
-0.347123
-0.347123
-0.34861
-0.34861
-0.348735
-0.348735
-0.354844
-0.354844
-0.357561
-0.357561
-0.358845
-0.358845
-0.357231
-0.357231
-0.359412
-0.359412
-0.359683
-0.359683
-0.356814
-0.356814
-0.354384
-0.354384
-0.356643
-0.356643
-0.358253
-0.358253
-0.358962
-0.358962
-0.361058
-0.361058
-0.36102
-0.36102
-0.360829
-0.360829
-0.362453
-0.362453
-0.363964
-0.363964
-0.364654
-0.364654
-0.367402
-0.367402
-0.362936
-0.362936
-0.362428
-0.362428
-0.364089
-0.364089
-0.365873
-0.365873
-0.365361
-0.365361
-0.365802
-0.365802
-0.363514
-0.363514
-0.363007
-0.363007
-0.360145
-0.360145
-0.358232
-0.358232
-0.357102
-0.357102
-0.354597
-0.354597
-0.354873
-0.354873
-0.357022
-0.357022
-0.357344
-0.357344
-0.356968
-0.356968
-0.355457
-0.355457
-0.354213
-0.354213
-0.352349
-0.352349
-0.354727
-0.354727
-0.357415
-0.357415
-0.359912
-0.359912
-0.360991
-0.360991
-0.363165
-0.363165
-0.36304
-0.36304
-0.368391
-0.368391
-0.368208
-0.368208
-0.362378
-0.362378
-0.363706
-0.363706
-0.363847
-0.363847
-0.36142
-0.36142
-0.36007
-0.36007
-0.36386
-0.36386
-0.360154
-0.360154
-0.354677
-0.354677
-0.35638
-0.35638
-0.354447
-0.354447
-0.353954
-0.353954
-0.351262
-0.351262
-0.34997
-0.34997
-0.347575
-0.347575
-0.347199
-0.347199
-0.348886
-0.348886
-0.351053
-0.351053
-0.350907
-0.350907
-0.353001
-0.353001
-0.353699
-0.353699
-0.354839
-0.354839
-0.348815
-0.348815
-0.349623
-0.349623
-0.352149
-0.352149
-0.351973
-0.351973
-0.350639
-0.350639
-0.349652
-0.349652
-0.351689
-0.351689
-0.353812
-0.353812
-0.356977
-0.356977
-0.360029
-0.360029
-0.359091
-0.359091
-0.357461
-0.357461
-0.359416
-0.359416
-0.357949
-0.357949
-0.356388
-0.356388
-0.35706
-0.35706
-0.358816
-0.358816
-0.358207
-0.358207
-0.357778
-0.357778
-0.355257
-0.355257
-0.352262
-0.352262
-0.350472
-0.350472
-0.353332
-0.353332
-0.351091
-0.351091
-0.353256
-0.353256
-0.353971
-0.353971
-0.352813
-0.352813
-0.352287
-0.352287
-0.353737
-0.353737
-0.35112
-0.35112
-0.352253
-0.352253
-0.353403
-0.353403
-0.35293
-0.35293
-0.349664
-0.349664
-0.350719
-0.350719
-0.350493
-0.350493
-0.34773
-0.34773
-0.347194
-0.347194
-0.341466
-0.341466
-0.340022
-0.340022
-0.339248
-0.339248
-0.338412
-0.338412
-0.336962
-0.336962
-0.335443
-0.335443
-0.336116
-0.336116
-0.33763
-0.33763
-0.339702
-0.339702
-0.339849
-0.339849
-0.335822
-0.335822
-0.332344
-0.332344
-0.332647
-0.332647
-0.333308
-0.333308
-0.331362
-0.331362
-0.332845
-0.332845
-0.331821
-0.331821
-0.329224
-0.329224
-0.334142
-0.334142
-0.332799
-0.332799
-0.328696
-0.328696
-0.326129
-0.326129
-0.327299
-0.327299
-0.330809
-0.330809
-0.33086
-0.33086
-0.335359
-0.335359
-0.336116
-0.336116
-0.335906
-0.335906
-0.334407
-0.334407
-0.333304
-0.333304
-0.336225
-0.336225
-0.339757
-0.339757
-0.340017
-0.340017
-0.341886
-0.341886
-0.345745
-0.345745
-0.345657
-0.345657
-0.344651
-0.344651
-0.347136
-0.347136
-0.348806
-0.348806
-0.352889
-0.352889
-0.357252
-0.357252
-0.357536
-0.357536
-0.361058
-0.361058
-0.361445
-0.361445
-0.361945
-0.361945
-0.361437
-0.361437
-0.363568
-0.363568
-0.366218
-0.366218
-0.367228
-0.367228
-0.37035
-0.37035
-0.372615
-0.372615
-0.373138
-0.373138
-0.373378
-0.373378
-0.371566
-0.371566
-0.371939
-0.371939
-0.375085
-0.375085
-0.377669
-0.377669
-0.38132
-0.38132
-0.381543
-0.381543
-0.383698
-0.383698
-0.387048
-0.387048
-0.388857
-0.388857
-0.38868
-0.38868
-0.392426
-0.392426
-0.393216
-0.393216
-0.39292
-0.39292
-0.390167
-0.390167
-0.39324
-0.39324
-0.393286
-0.393286
-0.392356
-0.392356
-0.394762
-0.394762
-0.393195
-0.393195
-0.393508
-0.393508
-0.392031
-0.392031
-0.393713
-0.393713
-0.394375
-0.394375
-0.390998
-0.390998
-0.386236
-0.386236
-0.384231
-0.384231
-0.38215
-0.38215
-0.379844
-0.379844
-0.376576
-0.376576
-0.373635
-0.373635
-0.377085
-0.377085
-0.37547
-0.37547
-0.376948
-0.376948
-0.376121
-0.376121
-0.377172
-0.377172
-0.378
-0.378
-0.378095
-0.378095
-0.378566
-0.378566
-0.380778
-0.380778
-0.379224
-0.379224
-0.377966
-0.377966
-0.378852
-0.378852
-0.379286
-0.379286
-0.381642
-0.381642
-0.379331
-0.379331
-0.379803
-0.379803
-0.380663
-0.380663
-0.380315
-0.380315
-0.379836
-0.379836
-0.37771
-0.37771
-0.377122
-0.377122
-0.372474
-0.372474
-0.372143
-0.372143
-0.373925
-0.373925
-0.375835
-0.375835
-0.377081
-0.377081
-0.380919
-0.380919
-0.379203
-0.379203
-0.381468
-0.381468
-0.378227
-0.378227
-0.377197
-0.377197
-0.379187
-0.379187
-0.377842
-0.377842
-0.375947
-0.375947
-0.375458
-0.375458
-0.375147
-0.375147
-0.376158
-0.376158
-0.376899
-0.376899
-0.377027
-0.377027
-0.376054
-0.376054
-0.378331
-0.378331
-0.380406
-0.380406
-0.37728
-0.37728
-0.379795
-0.379795
-0.374062
-0.374062
-0.372864
-0.372864
-0.374646
-0.374646
-0.373353
-0.373353
-0.375528
-0.375528
-0.377114
-0.377114
-0.379964
-0.379964
-0.381704
-0.381704
-0.381915
-0.381915
-0.385832
-0.385832
-0.387044
-0.387044
-0.389644
-0.389644
-0.38786
-0.38786
-0.388161
-0.388161
-0.389475
-0.389475
-0.387905
-0.387905
-0.385555
-0.385555
-0.385481
-0.385481
-0.388326
-0.388326
-0.387534
-0.387534
-0.386273
-0.386273
-0.385279
-0.385279
-0.381609
-0.381609
-0.381113
-0.381113
-0.382117
-0.382117
-0.379352
-0.379352
-0.38032
-0.38032
-0.379468
-0.379468
-0.379456
-0.379456
-0.382224
-0.382224
-0.383001
-0.383001
-0.382361
-0.382361
-0.384243
-0.384243
-0.38234
-0.38234
-0.384685
-0.384685
-0.38828
-0.38828
-0.385745
-0.385745
-0.382142
-0.382142
-0.383021
-0.383021
-0.380386
-0.380386
-0.378446
-0.378446
-0.378761
-0.378761
-0.379021
-0.379021
-0.380828
-0.380828
-0.378579
-0.378579
-0.374978
-0.374978
-0.371923
-0.371923
-0.371923
-0.371923
-0.367722
-0.367722
-0.364492
-0.364492
-0.363464
-0.363464
-0.363344
-0.363344
-0.360275
-0.360275
-0.358203
-0.358203
-0.356851
-0.356851
-0.354455
-0.354455
-0.352696
-0.352696
-0.352441
-0.352441
-0.348283
-0.348283
-0.350823
-0.350823
-0.350459
-0.350459
-0.353056
-0.353056
-0.349116
-0.349116
-0.347806
-0.347806
-0.348074
-0.348074
-0.345481
-0.345481
-0.345388
-0.345388
-0.345942
-0.345942
-0.347722
-0.347722
-0.34691
-0.34691
-0.347923
-0.347923
-0.348836
-0.348836
-0.350242
-0.350242
-0.349723
-0.349723
-0.352195
-0.352195
-0.35362
-0.35362
-0.350576
-0.350576
-0.348899
-0.348899
-0.350225
-0.350225
-0.346558
-0.346558
-0.347207
-0.347207
-0.3483
-0.3483
-0.347404
-0.347404
-0.345296
-0.345296
-0.344076
-0.344076
-0.339656
-0.339656
-0.338479
-0.338479
-0.335047
-0.335047
-0.337908
-0.337908
-0.336835
-0.336835
-0.329936
-0.329936
-0.330299
-0.330299
-0.330653
-0.330653
-0.33008
-0.33008
-0.327983
-0.327983
-0.328473
-0.328473
-0.332592
-0.332592
-0.336019
-0.336019
-0.33271
-0.33271
-0.331859
-0.331859
-0.33008
-0.33008
-0.331985
-0.331985
-0.330405
-0.330405
-0.328548
-0.328548
-0.326459
-0.326459
-0.322968
-0.322968
-0.318608
-0.318608
-0.318137
-0.318137
-0.317807
-0.317807
-0.31868
-0.31868
-0.319726
-0.319726
-0.318819
-0.318819
-0.319323
-0.319323
-0.321974
-0.321974
-0.31628
-0.31628
-0.315173
-0.315173
-0.311288
-0.311288
-0.309384
-0.309384
-0.308291
-0.308291
-0.308942
-0.308942
-0.310128
-0.310128
-0.310532
-0.310532
-0.309563
-0.309563
-0.312198
-0.312198
-0.311934
-0.311934
-0.312316
-0.312316
-0.312469
-0.312469
-0.311781
-0.311781
-0.315076
-0.315076
-0.315262
-0.315262
-0.314719
-0.314719
-0.316153
-0.316153
-0.316666
-0.316666
-0.317713
-0.317713
-0.317688
-0.317688
-0.317145
-0.317145
-0.318688
-0.318688
-0.31793
-0.31793
-0.318006
-0.318006
-0.317951
-0.317951
-0.314146
-0.314146
-0.312448
-0.312448
-0.31508
-0.31508
-0.317328
-0.317328
-0.318646
-0.318646
-0.318082
-0.318082
-0.32048
-0.32048
-0.317273
-0.317273
-0.31687
-0.31687
-0.319281
-0.319281
-0.31937
-0.31937
-0.322384
-0.322384
-0.328148
-0.328148
-0.331581
-0.331581
-0.333843
-0.333843
-0.332689
-0.332689
-0.33005
-0.33005
-0.328304
-0.328304
-0.329713
-0.329713
-0.332563
-0.332563
-0.332735
-0.332735
-0.334635
-0.334635
-0.335788
-0.335788
-0.333763
-0.333763
-0.330982
-0.330982
-0.330523
-0.330523
-0.331328
-0.331328
-0.329671
-0.329671
-0.328038
-0.328038
-0.328304
-0.328304
-0.325563
-0.325563
-0.325546
-0.325546
-0.322803
-0.322803
-0.325128
-0.325128
-0.320513
-0.320513
-0.318569
-0.318569
-0.318688
-0.318688
-0.318252
-0.318252
-0.316454
-0.316454
-0.316302
-0.316302
-0.317692
-0.317692
-0.320814
-0.320814
-0.321127
-0.321127
-0.317527
-0.317527
-0.318637
-0.318637
-0.320856
-0.320856
-0.319535
-0.319535
-0.318921
-0.318921
-0.316128
-0.316128
-0.314172
-0.314172
-0.310685
-0.310685
-0.310931
-0.310931
-0.30972
-0.30972
-0.309754
-0.309754
-0.309614
-0.309614
-0.313365
-0.313365
-0.311233
-0.311233
-0.310226
-0.310226
-0.308886
-0.308886
-0.313289
-0.313289
-0.313544
-0.313544
-0.318756
-0.318756
-0.31909
-0.31909
-0.315653
-0.315653
-0.319154
-0.319154
-0.316548
-0.316548
-0.314961
-0.314961
-0.315814
-0.315814
-0.313548
-0.313548
-0.313493
-0.313493
-0.314435
-0.314435
-0.31765
-0.31765
-0.320005
-0.320005
-0.321368
-0.321368
-0.322401
-0.322401
-0.322295
-0.322295
-0.324866
-0.324866
-0.325441
-0.325441
-0.326944
-0.326944
-0.327088
-0.327088
-0.328312
-0.328312
-0.33086
-0.33086
-0.333308
-0.333308
-0.330261
-0.330261
-0.333818
-0.333818
-0.335548
-0.335548
-0.336347
-0.336347
-0.335014
-0.335014
-0.337576
-0.337576
-0.339417
-0.339417
-0.338446
-0.338446
-0.338341
-0.338341
-0.337975
-0.337975
-0.341319
-0.341319
-0.338904
-0.338904
-0.339925
-0.339925
-0.340496
-0.340496
-0.341269
-0.341269
-0.341579
-0.341579
-0.342188
-0.342188
-0.3404
-0.3404
-0.339303
-0.339303
-0.339177
-0.339177
-0.340261
-0.340261
-0.3415
-0.3415
-0.343908
-0.343908
-0.348522
-0.348522
-0.351149
-0.351149
-0.354668
-0.354668
-0.354205
-0.354205
-0.35633
-0.35633
-0.359045
-0.359045
-0.358974
-0.358974
-0.355883
-0.355883
-0.359033
-0.359033
-0.359587
-0.359587
-0.362545
-0.362545
-0.36095
-0.36095
-0.360616
-0.360616
-0.362432
-0.362432
-0.365008
-0.365008
-0.362973
-0.362973
-0.364775
-0.364775
-0.364089
-0.364089
-0.36172
-0.36172
-0.361953
-0.361953
-0.364833
-0.364833
-0.365727
-0.365727
-0.365207
-0.365207
-0.368632
-0.368632
-0.37074
-0.37074
-0.366459
-0.366459
-0.367115
-0.367115
-0.364034
-0.364034
-0.362615
-0.362615
-0.360033
-0.360033
-0.358236
-0.358236
-0.355328
-0.355328
-0.355224
-0.355224
-0.351304
-0.351304
-0.349677
-0.349677
-0.346093
-0.346093
-0.344776
-0.344776
-0.347291
-0.347291
-0.348501
-0.348501
-0.346604
-0.346604
-0.341991
-0.341991
-0.33692
-0.33692
-0.337958
-0.337958
-0.337184
-0.337184
-0.336225
-0.336225
-0.334542
-0.334542
-0.335678
-0.335678
-0.338627
-0.338627
-0.340463
-0.340463
-0.344324
-0.344324
-0.345149
-0.345149
-0.34577
-0.34577
-0.346277
-0.346277
-0.346273
-0.346273
-0.346524
-0.346524
-0.348714
-0.348714
-0.349367
-0.349367
-0.35056
-0.35056
-0.349501
-0.349501
-0.353235
-0.353235
-0.354585
-0.354585
-0.35514
-0.35514
-0.352905
-0.352905
-0.353941
-0.353941
-0.352065
-0.352065
-0.355203
-0.355203
-0.358274
-0.358274
-0.356593
-0.356593
-0.355846
-0.355846
-0.356376
-0.356376
-0.355107
-0.355107
-0.353348
-0.353348
-0.351952
-0.351952
-0.350054
-0.350054
-0.349698
-0.349698
-0.348857
-0.348857
-0.347839
-0.347839
-0.34502
-0.34502
-0.346088
-0.346088
-0.348107
-0.348107
-0.347437
-0.347437
-0.347379
-0.347379
-0.34675
-0.34675
-0.346147
-0.346147
-0.348606
-0.348606
-0.349882
-0.349882
-0.351371
-0.351371
-0.35433
-0.35433
-0.35822
-0.35822
-0.359283
-0.359283
-0.360204
-0.360204
-0.359645
-0.359645
-0.366184
-0.366184
-0.373125
-0.373125
-0.375015
-0.375015
-0.375321
-0.375321
-0.37903
-0.37903
-0.377925
-0.377925
-0.379592
-0.379592
-0.380584
-0.380584
-0.377474
-0.377474
-0.378078
-0.378078
-0.381163
-0.381163
-0.378492
-0.378492
-0.379803
-0.379803
-0.381514
-0.381514
-0.380212
-0.380212
-0.382427
-0.382427
-0.382241
-0.382241
-0.379377
-0.379377
-0.380493
-0.380493
-0.378616
-0.378616
-0.380667
-0.380667
-0.382992
-0.382992
-0.384433
-0.384433
-0.384854
-0.384854
-0.385242
-0.385242
-0.384941
-0.384941
-0.385262
-0.385262
-0.38772
-0.38772
-0.388902
-0.388902
-0.391496
-0.391496
-0.391574
-0.391574
-0.39257
-0.39257
-0.398761
-0.398761
-0.398876
-0.398876
-0.398371
-0.398371
-0.3995
-0.3995
-0.397944
-0.397944
-0.39739
-0.39739
-0.394918
-0.394918
-0.395711
-0.395711
-0.399758
-0.399758
-0.39799
-0.39799
-0.396503
-0.396503
-0.395061
-0.395061
-0.395324
-0.395324
-0.399126
-0.399126
-0.400119
-0.400119
-0.402222
-0.402222
-0.401234
-0.401234
-0.400143
-0.400143
-0.399811
-0.399811
-0.399118
-0.399118
-0.397973
-0.397973
-0.395674
-0.395674
-0.395596
-0.395596
-0.39424
-0.39424
-0.392739
-0.392739
-0.3935
-0.3935
-0.391665
-0.391665
-0.392443
-0.392443
-0.392677
-0.392677
-0.392138
-0.392138
-0.393376
-0.393376
-0.396364
-0.396364
-0.396943
-0.396943
-0.396524
-0.396524
-0.398773
-0.398773
-0.401082
-0.401082
-0.400923
-0.400923
-0.402844
-0.402844
-0.404126
-0.404126
-0.402763
-0.402763
-0.405579
-0.405579
-0.403205
-0.403205
-0.400185
-0.400185
-0.398486
-0.398486
-0.396873
-0.396873
-0.395201
-0.395201
-0.395127
-0.395127
-0.396039
-0.396039
-0.398864
-0.398864
-0.40018
-0.40018
-0.398798
-0.398798
-0.39815
-0.39815
-0.396894
-0.396894
-0.398876
-0.398876
-0.396388
-0.396388
-0.39523
-0.39523
-0.393775
-0.393775
-0.393849
-0.393849
-0.395427
-0.395427
-0.391505
-0.391505
-0.389669
-0.389669
-0.388313
-0.388313
-0.387621
-0.387621
-0.391624
-0.391624
-0.391945
-0.391945
-0.3898
-0.3898
-0.388503
-0.388503
-0.387337
-0.387337
-0.384656
-0.384656
-0.385576
-0.385576
-0.380902
-0.380902
-0.378831
-0.378831
-0.376791
-0.376791
-0.372093
-0.372093
-0.369985
-0.369985
-0.36967
-0.36967
-0.369524
-0.369524
-0.369989
-0.369989
-0.368993
-0.368993
-0.367427
-0.367427
-0.364683
-0.364683
-0.361062
-0.361062
-0.362195
-0.362195
-0.361391
-0.361391
-0.36127
-0.36127
-0.357898
-0.357898
-0.358616
-0.358616
-0.355825
-0.355825
-0.353169
-0.353169
-0.352191
-0.352191
-0.357014
-0.357014
-0.359391
-0.359391
-0.361595
-0.361595
-0.366031
-0.366031
-0.368902
-0.368902
-0.373507
-0.373507
-0.375669
-0.375669
-0.377346
-0.377346
-0.378893
-0.378893
-0.380679
-0.380679
-0.381282
-0.381282
-0.382245
-0.382245
-0.381865
-0.381865
-0.381787
-0.381787
-0.385135
-0.385135
-0.38847
-0.38847
-0.387419
-0.387419
-0.389253
-0.389253
-0.388647
-0.388647
-0.387947
-0.387947
-0.387563
-0.387563
-0.383752
-0.383752
-0.386405
-0.386405
-0.384012
-0.384012
-0.38369
-0.38369
-0.382547
-0.382547
-0.381836
-0.381836
-0.38089
-0.38089
-0.385027
-0.385027
-0.384854
-0.384854
-0.386372
-0.386372
-0.388462
-0.388462
-0.388008
-0.388008
-0.387662
-0.387662
-0.387415
-0.387415
-0.386096
-0.386096
-0.385304
-0.385304
-0.381097
-0.381097
-0.379873
-0.379873
-0.381369
-0.381369
-0.381311
-0.381311
-0.378943
-0.378943
-0.378033
-0.378033
-0.373867
-0.373867
-0.373361
-0.373361
-0.371811
-0.371811
-0.370653
-0.370653
-0.371732
-0.371732
-0.373142
-0.373142
-0.372765
-0.372765
-0.374418
-0.374418
-0.375243
-0.375243
-0.376994
-0.376994
-0.37692
-0.37692
-0.378091
-0.378091
-0.377855
-0.377855
-0.376841
-0.376841
-0.37881
-0.37881
-0.380485
-0.380485
-0.382526
-0.382526
-0.384091
-0.384091
-0.384825
-0.384825
-0.385349
-0.385349
-0.384681
-0.384681
-0.386887
-0.386887
-0.386269
-0.386269
-0.385316
-0.385316
-0.387052
-0.387052
-0.387559
-0.387559
-0.391418
-0.391418
-0.394552
-0.394552
-0.395957
-0.395957
-0.397132
-0.397132
-0.396163
-0.396163
-0.394022
-0.394022
-0.39285
-0.39285
-0.394042
-0.394042
-0.392772
-0.392772
-0.393993
-0.393993
-0.395633
-0.395633
-0.399282
-0.399282
-0.40191
-0.40191
-0.399766
-0.399766
-0.397986
-0.397986
-0.395485
-0.395485
-0.39744
-0.39744
-0.396167
-0.396167
-0.396097
-0.396097
-0.398819
-0.398819
-0.399028
-0.399028
-0.397809
-0.397809
-0.400016
-0.400016
-0.401509
-0.401509
-0.403066
-0.403066
-0.402123
-0.402123
-0.404376
-0.404376
-0.404761
-0.404761
-0.401869
-0.401869
-0.397768
-0.397768
-0.395526
-0.395526
-0.396664
-0.396664
-0.396553
-0.396553
-0.395341
-0.395341
-0.396614
-0.396614
-0.398642
-0.398642
-0.398613
-0.398613
-0.398716
-0.398716
-0.399504
-0.399504
-0.403279
-0.403279
-0.405874
-0.405874
-0.406598
-0.406598
-0.404364
-0.404364
-0.402423
-0.402423
-0.404487
-0.404487
-0.407514
-0.407514
-0.407122
-0.407122
-0.40758
-0.40758
-0.405686
-0.405686
-0.408414
-0.408414
-0.410207
-0.410207
-0.409264
-0.409264
-0.40722
-0.40722
-0.406745
-0.406745
-0.408659
-0.408659
-0.409684
