50 1
61 1.22
70 1.4
91 1.82
106 2.12
121 2.42
135 2.7
154 3.08
180 3.6
207 4.14
225 4.5
243 4.86
272 5.44
305 6.1
337 6.74
370 7.4
396 7.92
433 8.66
469 9.38
498 9.96
542 10.84
585 11.7
628 12.56
667 13.34
719 14.38
772 15.44
812 16.24
870 17.4
933 18.66
1013 20.26
1099 21.98
1165 23.3
1225 24.5
1294 25.3725
1372 26.902
1454 28.5098
1515 29.7059
1604 31.451
1698 32.6538
1774 32.8519
1863 34.5
1968 36.4444
2066 38.2593
2143 39.6852
2247 41.6111
2366 43.8148
2462 45.5926
2588 47.9259
2698 49.963
2822 52.2593
2946 54.5556
3072 56.8889
3163 58.5741
3293 60.9815
3427 63.463
3577 66.2407
3724 68.963
3878 71.8148
4038 74.7778
4209 77.9444
4411 81.6852
4618 85.5185
4773 88.3889
4959 91.8333
5147 95.3148
5324 98.5926
5491 101.685
5662 104.852
5858 108.481
5988 110.889
6212 115.037
6403 118.574
6587 121.981
6834 126.556
7068 130.889
7332 135.778
7588 140.519
7812 144.667
8031 148.722
8265 153.056
8513 157.648
8817 163.278
9095 168.426
9337 172.907
9592 174.4
9812 178.4
10139 184.345
10389 188.891
10702 194.582
11000 200
11226 200.464
11576 203.088
11892 208.632
12181 213.702
12464 218.667
12727 223.281
12980 227.719
13312 233.544
13708 240.491
13966 245.018
14288 250.667
14573 255.667
14829 260.158
15201 266.684
15602 273.719
15990 280.526
16283 280.741
16548 285.31
16863 290.741
17103 294.879
17527 302.19
17972 309.862
18289 315.328
18716 322.69
19043 328.328
19464 335.586
19855 342.328
20125 346.983
20426 346.203
20766 351.966
21130 358.136
21554 365.322
21854 370.407
22303 371.717
22688 378.133
23060 384.333
23475 391.25
23856 397.6
24161 402.683
24594 409.9
25019 416.983
25433 423.883
25945 432.417
26473 441.217
26936 441.574
27573 452.016
28038 459.639
28405 465.656
28879 473.426
29293 480.213
29765 487.951
30190 494.918
30564 501.049
31011 500.177
31379 506.113
31979 515.79
32455 523.468
32915 530.887
33270 536.613
33741 544.21
34140 550.645
34537 557.048
35085 565.887
35485 572.339
35865 578.468
36332 586
36926 595.581
37477 604.468
37995 612.823
38510 621.129
38954 628.29
39538 637.71
40035 645.726
40512 653.419
40868 659.161
41414 667.968
41969 676.919
42464 684.903
43008 693.677
43476 701.226
44045 710.403
44485 717.5
44962 725.194
45317 730.919
45780 738.387
46512 750.194
46914 744.667
47378 752.032
47818 759.016
48304 766.73
48890 776.032
49291 782.397
49909 792.206
50451 800.81
51087 810.905
51688 820.444
52202 828.603
52906 839.778
53653 851.635
54116 845.562
54764 855.688
55369 865.141
55880 873.125
56463 882.234
57056 877.785
57615 886.385
58042 892.954
58720 903.385
59308 912.431
59922 921.877
60403 929.277
60756 934.708
61484 945.908
62346 959.169
63155 971.615
63778 981.2
64348 989.969
65076 1001.17
65672 1010.34
66416 1021.78
67094 1032.22
67493 1038.35
68175 1048.85
68854 1043.24
69281 1049.71
69807 1041.9
70295 1018.77
70733 1025.12
71386 1034.58
71928 1042.43
72565 1051.67
73121 1059.72
73753 1068.88
74292 1076.7
74824 1084.41
75428 1093.16
75948 1100.7
76518 1108.96
77014 1116.14
77539 1107.7
78178 1116.83
78683 1124.04
79434 1134.77
80068 1143.83
80796 1154.23
81403 1162.9
82076 1172.51
82653 1180.76
83337 1190.53
83895 1198.5
84249 1203.56
84654 1192.31
85188 1199.83
85655 1206.41
86274 1215.13
86899 1223.93
87551 1233.11
88402 1245.1
89030 1253.94
89400 1259.15
89950 1266.9
90483 1274.41
91059 1282.52
91409 1287.45
92331 1282.38
93089 1292.9
93664 1300.89
94195 1290.34
94732 1297.7
95464 1307.73
96224 1318.14
96908 1327.51
97460 1317.03
97920 1323.24
98510 1331.22
99057 1338.61
99929 1350.39
100513 1322.54
101113 1330.43
101691 1338.04
102306 1346.13
102765 1352.17
103202 1323.1
103763 1313.46
104137 1318.19
104565 1323.61
105207 1315.09
105706 1321.33
106431 1330.39
106716 1333.95
107145 1339.31
107749 1346.86
108270 1353.38
108778 1359.72
109286 1366.08
109913 1356.95
110411 1363.1
111134 1372.02
111919 1381.72
112437 1388.11
113043 1378.57
113537 1384.6
114250 1393.29
115057 1403.13
115833 1412.6
116534 1421.15
117123 1428.33
117520 1433.17
118105 1440.3
118733 1447.96
119417 1456.3
120014 1463.59
120592 1470.63
121264 1478.83
122026 1488.12
122887 1498.62
123306 1503.73
123870 1510.61
124698 1502.39
125584 1495.05
126357 1486.55
126903 1492.98
127557 1500.67
128389 1510.46
129015 1517.82
129411 1522.48
129869 1492.75
130567 1500.77
131225 1508.33
131925 1516.38
132680 1507.73
133262 1514.34
133527 1517.35
134253 1525.6
134742 1531.16
135489 1539.65
135890 1544.2
136545 1534.21
137212 1541.71
137822 1548.56
138313 1554.08
139072 1562.61
139684 1569.48
139892 1571.82
140614 1579.93
141318 1587.84
141792 1593.17
142321 1599.11
143305 1610.17
143835 1616.12
144392 1622.38
144924 1628.36
145761 1656.38
146055 1659.72
146526 1665.07
146954 1669.93
147459 1675.67
147874 1680.39
148474 1687.2
149164 1695.05
149578 1699.75
150236 1707.23
150816 1713.82
151441 1720.92
151866 1725.75
152319 1730.9
153246 1741.43
153659 1746.12
154228 1752.59
155062 1762.07
155519 1767.26
156317 1776.33
156980 1783.86
157546 1790.3
157954 1794.93
158862 1805.25
159534 1792.52
160038 1798.18
161094 1810.04
161769 1817.63
162057 1820.87
162318 1823.8
162996 1831.42
163469 1836.73
164019 1842.91
164588 1849.3
165272 1856.99
166027 1865.47
166778 1853.09
166874 1833.78
167577 1841.51
168151 1847.81
168580 1852.53
169252 1859.91
169922 1867.27
170501 1873.64
170754 1876.42
171477 1884.36
172136 1891.6
172643 1897.18
173282 1904.2
174148 1913.71
174677 1919.53
175343 1926.85
175653 1930.25
176465 1939.18
177144 1946.64
177855 1954.45
178465 1961.15
179205 1969.29
180061 1978.69
180796 1986.77
181669 1996.36
182281 2003.09
183081 2011.88
183769 2019.44
184383 2026.19
184951 2032.43
186091 2044.96
186468 2049.1
186838 2053.16
187401 2059.35
188038 2066.35
188521 2071.66
188669 2073.29
189734 2084.99
190345 2091.7
191480 2104.18
192404 2091.35
192977 2097.58
193879 2107.38
194466 2113.76
195362 2123.5
196450 2135.33
197334 2144.93
198062 2129.7
198965 2139.41
199773 2125.24
200572 2133.74
201333 2141.84
202052 2149.49
202826 2157.72
203633 2143.51
204435 2151.95
205145 2159.42
206120 2169.68
206748 2153.62
207599 2162.49
208418 2171.02
209248 2179.67
210004 2187.54
210728 2195.08
211545 2203.59
212525 2213.8
213015 2218.91
213698 2226.02
214589 2235.3
215429 2244.05
216006 2250.06
216645 2233.45
217287 2240.07
217725 2244.59
218324 2250.76
219113 2258.9
219678 2264.72
220288 2271.01
220870 2277.01
221380 2282.27
222049 2289.16
222488 2293.69
222884 2274.33
223655 2236.55
224383 2221.61
225122 2228.93
225659 2234.25
226242 2240.02
227231 2249.81
227850 2255.94
228024 2257.66
228365 2261.04
229065 2267.97
229872 2253.65
230969 2264.4
231650 2271.08
232553 2279.93
233276 2287.02
233973 2293.85
234773 2301.7
235379 2307.64
235923 2312.97
236897 2322.52
237915 2332.5
238688 2340.08
239673 2349.74
240434 2357.2
241350 2366.18
242609 2378.52
243480 2387.06
244205 2394.17
245106 2379.67
245812 2386.52
247177 2376.7
248062 2385.21
248966 2371.1
249822 2379.26
251315 2393.48
252088 2400.84
252912 2408.69
254384 2422.7
255358 2431.98
255967 2437.78
256633 2444.12
257599 2453.32
258626 2463.1
259492 2471.35
259986 2476.06
260796 2483.77
261336 2488.91
261815 2493.48
262651 2501.44
263512 2509.64
263804 2488.72
264437 2494.69
265273 2502.58
265742 2507
266424 2513.43
267298 2498.11
267964 2504.34
268502 2509.36
269085 2514.81
269985 2523.22
270774 2530.6
271493 2537.32
272063 2542.64
272994 2551.35
273348 2554.65
273825 2559.11
274803 2568.25
275264 2572.56
276316 2582.39
277272 2591.33
277932 2597.5
278434 2602.19
279189 2609.24
279908 2567.96
280854 2576.64
281334 2557.58
281927 2562.97
282875 2548.42
283945 2558.06
284498 2563.05
284949 2567.11
286072 2577.23
286720 2583.06
287630 2591.26
287977 2594.39
288485 2575.76
289126 2581.48
290009 2543.94
290702 2550.02
291271 2555.01
292695 2545.17
292984 2547.69
293491 2552.1
294003 2556.55
294339 2559.47
295077 2565.89
295812 2572.28
296543 2578.63
297067 2583.19
297765 2589.26
298291 2571.47
299076 2578.24
299614 2582.88
299942 2585.71
300463 2590.2
301231 2596.82
302056 2603.93
302586 2608.5
303696 2618.07
304321 2601.03
305124 2607.9
305602 2611.98
306274 2617.73
307108 2624.85
307791 2630.69
308215 2634.32
309008 2641.09
309584 2646.02
310095 2627.92
310523 2631.55
310836 2634.2
311336 2638.44
311788 2642.27
312215 2623.66
312813 2628.68
313340 2633.11
314248 2640.74
314779 2645.2
315447 2650.82
315952 2655.06
316479 2637.32
317334 2644.45
318330 2652.75
319109 2659.24
319966 2644.35
320236 2646.58
320584 2649.45
320939 2652.39
321533 2635.52
322249 2641.39
322633 2623.03
323023 2626.2
323420 2629.43
323958 2633.8
324282 2636.44
324756 2640.29
325434 2645.8
325903 2649.62
326802 2635.5
327411 2640.41
327481 2640.98
327937 2623.5
328164 2625.31
328799 2630.39
329558 2636.46
329845 2638.76
330444 2643.55
330814 2646.51
331102 2648.82
331610 2631.83
331690 2632.46
332588 2598.34
332906 2600.83
333005 2601.6
333478 2585.1
334086 2589.81
334874 2595.92
334880 2595.97
335369 2599.76
335949 2604.26
336763 2610.57
337108 2613.24
338001 2620.16
338810 2626.43
338977 2627.73
339627 2632.77
340641 2640.63
341772 2629.02
342182 2632.17
342752 2636.55
342845 2617.14
343690 2623.59
344184 2627.36
344458 2629.45
345259 2615.6
346151 2622.36
346931 2628.27
347091 2609.71
347478 2612.62
348003 2616.56
348721 2621.96
348924 2623.49
349171 2605.75
349939 2611.49
350489 2596.21
351030 2600.22
351614 2585.4
352414 2591.28
353257 2597.48
353335 2598.05
354009 2584.01
354306 2586.18
354531 2569.07
355076 2573.01
355882 2578.86
356027 2561.35
356680 2529.65
357081 2532.49
357933 2538.53
358207 2540.48
358887 2545.3
359420 2549.08
360275 2555.14
360540 2557.02
361542 2564.13
361764 2565.7
361967 2549.06
362225 2533.04
361973 2531.28
362281 2533.43
363018 2538.59
363693 2543.31
364367 2548.02
364929 2551.95
365575 2556.47
366283 2543.63
366871 2547.72
367572 2552.58
368156 2556.64
368669 2560.2
369313 2564.67
370440 2537.26
371374 2543.66
371692 2545.84
371764 2546.33
372375 2550.51
372910 2536.8
373494 2540.78
374244 2545.88
374893 2550.29
375937 2540.11
377033 2547.52
377724 2552.19
378350 2539.26
379211 2528.07
380068 2517.01
380850 2522.19
381564 2526.91
382175 2530.96
382385 2515.69
383476 2506.38
384514 2513.16
385202 2517.66
385795 2521.54
386222 2524.33
386703 2527.47
387006 2529.45
387224 2530.88
387892 2518.78
388482 2522.61
389174 2527.1
389662 2513.95
390112 2500.72
390597 2503.83
391448 2509.28
392028 2513
392570 2516.47
392737 2501.51
393218 2504.57
393649 2507.32
394144 2510.47
395141 2516.82
395927 2521.83
396612 2526.19
397203 2529.96
397874 2534.23
398568 2538.65
399406 2511.99
399930 2515.28
400839 2521
401447 2524.82
402192 2529.51
402914 2534.05
403707 2539.04
404129 2541.69
405132 2548
405237 2548.66
405438 2549.92
406208 2554.77
406865 2558.9
407706 2564.19
408148 2550.93
408764 2554.78
409529 2559.56
410241 2548.08
410579 2534.44
410777 2535.66
411439 2539.75
412269 2544.87
412573 2546.75
413036 2549.6
413696 2553.68
413961 2539.64
414472 2542.77
414383 2542.23
414865 2545.18
415531 2549.27
416005 2552.18
416521 2555.34
417427 2560.9
418165 2565.43
418710 2537.64
418689 2507.12
419801 2513.78
420562 2518.34
421541 2494.33
422647 2486.16
423137 2474.49
424030 2479.71
424832 2484.4
425348 2487.42
425690 2474.94
426301 2464.17
427018 2468.31
427489 2471.03
428414 2476.38
429236 2481.13
429722 2469.67
430429 2459.59
431405 2465.17
431970 2468.4
433192 2475.38
434084 2480.48
434673 2483.85
435370 2487.83
435814 2490.37
436856 2496.32
437693 2501.1
438594 2506.25
439057 2508.9
439529 2511.59
440250 2515.71
440531 2488.88
441361 2493.56
442577 2500.44
443812 2507.41
444014 2494.46
445149 2500.84
445909 2505.11
446728 2509.71
446977 2511.11
448063 2517.21
448922 2522.03
449857 2527.29
450735 2532.22
451739 2537.86
452453 2541.87
452878 2530.04
453515 2533.6
454647 2539.93
455189 2542.96
455969 2547.31
456882 2552.41
457674 2556.84
458417 2560.99
458845 2563.38
459667 2567.97
460916 2560.64
461500 2549.72
462446 2554.95
463810 2562.49
464568 2552.57
465683 2544.72
466250 2533.97
466918 2537.6
467917 2543.03
468815 2547.91
470260 2555.76
471059 2560.1
472194 2552.4
472585 2554.51
473675 2560.41
474643 2565.64
475721 2571.46
476664 2576.56
477215 2579.54
478143 2584.56
478941 2574.95
479774 2565.64
481196 2573.24
481770 2576.31
483262 2570.54
484034 2574.65
485677 2583.39
486010 2571.48
486742 2575.35
487476 2565.66
488917 2573.25
489160 2574.53
490265 2580.34
491220 2585.37
491701 2587.9
492397 2577.99
493340 2582.93
494047 2586.63
494791 2590.53
495757 2595.59
496458 2599.26
497705 2605.79
499095 2613.06
499774 2616.62
500327 2619.51
501256 2624.38
501675 2626.57
502670 2631.78
503441 2635.82
504333 2640.49
505355 2618.42
506312 2623.38
507609 2630.1
508749 2636.01
509858 2641.75
510717 2632.56
511566 2636.94
512334 2640.9
513805 2648.48
514709 2639.53
515744 2631.35
516678 2636.11
517286 2639.21
518522 2645.52
519689 2651.47
521399 2660.2
522447 2638.62
522966 2627.97
523807 2632.2
524895 2637.66
525822 2642.32
526686 2646.66
527678 2651.65
528370 2655.13
529310 2659.85
530100 2663.82
531082 2655.41
531556 2657.78
532308 2661.54
532891 2651.2
533931 2656.37
534711 2660.25
535778 2678.89
536309 2668.2
536495 2669.13
536610 2683.05
537049 2685.24
537233 2686.16
538237 2691.18
539077 2695.39
539306 2683.11
539113 2682.15
539370 2657
540150 2660.84
540885 2664.46
541800 2668.97
542899 2674.38
543398 2676.84
543992 2653.62
544375 2655.49
544813 2657.62
545145 2659.24
545341 2660.2
545777 2662.33
545679 2661.85
546214 2677.52
546702 2679.91
547276 2682.73
547457 2670.52
547646 2671.44
548111 2673.71
548619 2676.19
549010 2678.1
549728 2681.6
550001 2682.93
549807 2681.99
549790 2695.05
549971 2695.94
550161 2696.87
550439 2698.23
550800 2686.83
550591 2685.81
550596 2685.83
551063 2688.11
551409 2689.8
551631 2690.88
551398 2689.75
552022 2692.79
552130 2693.32
552238 2693.84
552677 2709.2
553289 2712.2
553203 2711.78
553368 2725.95
553435 2726.28
553655 2727.36
553686 2727.52
554531 2731.68
555012 2734.05
554754 2732.78
555245 2748.74
555406 2749.53
554930 2747.18
555238 2735.16
555691 2737.39
555922 2738.53
556480 2741.28
556238 2740.09
556551 2741.63
556346 2727.19
556616 2728.51
557069 2730.73
557476 2746.19
558439 2724.09
558936 2726.52
559193 2741.14
559584 2729.68
559137 2727.5
558617 2724.96
558743 2725.58
558858 2726.14
558743 2712.34
559195 2714.54
559390 2715.49
559542 2716.22
559640 2703.57
559872 2704.7
560055 2705.58
559879 2704.73
560059 2705.6
560950 2709.9
561163 2710.93
561487 2699.46
562333 2690.59
562830 2705.91
563216 2707.77
563201 2720.78
563660 2723
563334 2721.42
563419 2721.83
563596 2722.69
563841 2710.77
564203 2712.51
564174 2725.48
564459 2740.09
564435 2739.98
564265 2712.81
564383 2713.38
564551 2714.19
564964 2716.17
564793 2715.35
565108 2716.87
565152 2717.08
565012 2703.41
565191 2704.26
565355 2692.17
565203 2704.32
565503 2718.76
565543 2732.09
565109 2730
565039 2716.53
564829 2715.52
564918 2715.95
564610 2701.48
564233 2699.68
564176 2699.41
564087 2698.98
564095 2699.02
564167 2712.34
564278 2725.98
564075 2725
563887 2737.32
563364 2708.48
562585 2704.74
562099 2702.4
561906 2701.47
561909 2701.49
562399 2716.9
562578 2717.77
562556 2717.66
562211 2716
562696 2705.27
562999 2706.73
562721 2705.39
562617 2704.89
562481 2704.24
562198 2702.88
562023 2715.09
561646 2700.22
562262 2703.18
562035 2702.09
562297 2690.42
562088 2676.61
562628 2679.18
562531 2666.02
562273 2652.23
562800 2667.3
562778 2667.19
563148 2668.95
563403 2670.16
563877 2672.4
563869 2659.76
563907 2659.94
563718 2646.56
563749 2659.19
563890 2647.37
563738 2659.14
564066 2648.2
564626 2650.83
564253 2649.08
563731 2646.62
564348 2649.52
563751 2646.72
563641 2658.68
563133 2656.29
562962 2655.48
562281 2652.27
562233 2652.04
562172 2651.75
561854 2650.25
561186 2647.1
561166 2659.55
560565 2656.71
560610 2656.92
560612 2669.58
561271 2660.05
560892 2658.26
561107 2659.27
560944 2658.5
560841 2658.01
560933 2671.11
560988 2671.37
561910 2675.76
562033 2676.35
561824 2675.35
562052 2676.44
561993 2676.16
561842 2688.24
561705 2674.79
560932 2671.1
560705 2670.02
560534 2669.21
560077 2667.03
559684 2677.91
559769 2678.32
559782 2665.63
560119 2642.07
560827 2596.42
561073 2597.56
561438 2575.4
561392 2563.43
561705 2576.63
561293 2574.74
560818 2549.17
560766 2560.58
560577 2559.71
560137 2546.08
560010 2533.98
559631 2532.27
559580 2543.55
559205 2541.84
559129 2530
559271 2542.14
559304 2530.79
559511 2531.72
559448 2531.44
559675 2532.47
560041 2534.12
559832 2533.18
560049 2534.16
560266 2535.14
560140 2534.57
560512 2536.25
560121 2534.48
560301 2546.82
560530 2536.33
560963 2538.29
560419 2535.83
560559 2502.5
560917 2504.09
560939 2504.19
561449 2506.47
561148 2482.96
561724 2496.55
561700 2507.59
561937 2508.65
561936 2508.64
562295 2510.25
562612 2511.66
562983 2524.59
563078 2513.74
563150 2491.81
563858 2483.96
563950 2484.36
564113 2485.08
564865 2488.39
565149 2489.64
565190 2489.82
564774 2477.08
565206 2478.97
564810 2477.24
564914 2477.69
565547 2480.47
565946 2482.22
565964 2482.3
566243 2494.46
566229 2494.4
566192 2483.3
566233 2483.48
565954 2482.25
566348 2483.98
566049 2482.67
566098 2472.04
565991 2460.83
566537 2463.2
566393 2462.58
566028 2460.99
566357 2441.19
566687 2442.62
566444 2441.57
566214 2440.58
566194 2440.49
566119 2440.17
566465 2441.66
567422 2445.78
567453 2445.92
567553 2446.35
567452 2445.91
567126 2444.51
567519 2456.79
567687 2457.52
568181 2449.06
567883 2447.77
567850 2447.63
568329 2449.69
568139 2448.88
568029 2448.4
567703 2447
568230 2428.33
567788 2426.44
567796 2426.48
568242 2428.38
567764 2416.02
567514 2414.95
567834 2426.64
568101 2417.45
568223 2417.97
568287 2408
568543 2419.33
568069 2417.31
568335 2418.45
568472 2419.03
569300 2422.55
569768 2424.54
570113 2426.01
570413 2427.29
570722 2428.6
570772 2428.82
570481 2427.58
571184 2430.57
571316 2431.13
571537 2442.47
571827 2443.71
571591 2442.7
571672 2432.65
571851 2433.41
572065 2434.32
572567 2436.46
572923 2437.97
573598 2440.84
573842 2431.53
575056 2447.05
575393 2448.48
576160 2451.74
576306 2462.85
576084 2461.9
577221 2445.85
577117 2435.09
577070 2424.66
577256 2435.68
578116 2439.31
578331 2450.56
579169 2413.2
579754 2415.64
580244 2417.68
580301 2417.92
580440 2418.5
580875 2430.44
581008 2420.87
581287 2422.03
581338 2412.19
581838 2414.27
582168 2425.7
582264 2426.1
581398 2422.49
581660 2433.72
582277 2446.54
582090 2445.76
582195 2456.52
582912 2438.96
583535 2431.4
583370 2430.71
583041 2419.26
582906 2408.7
583285 2410.27
583264 2410.18
583383 2410.67
583334 2420.47
583422 2400.91
583138 2389.91
582846 2388.71
582881 2379.11
582729 2378.49
583350 2390.78
584101 2393.86
584714 2396.37
584210 2404.16
584499 2395.49
584390 2395.04
584263 2394.52
584248 2394.46
583927 2393.14
584019 2393.52
583641 2391.97
583763 2392.47
583934 2393.17
584162 2384.33
584285 2375.14
583971 2364.26
583948 2364.16
583835 2363.7
583985 2373.92
583601 2362.76
583267 2361.4
583740 2372.93
584207 2365.21
584449 2375.81
584175 2355.54
584278 2355.96
584233 2336.93
584043 2336.17
584338 2337.35
584796 2320.62
584412 2319.1
584248 2327.68
584519 2328.76
584639 2329.24
584356 2328.11
583945 2335.78
583882 2344.91
582872 2340.85
582966 2341.23
583360 2333.44
583293 2342.54
583959 2345.22
583595 2343.76
583777 2344.49
583365 2342.83
582854 2322.13
582595 2321.1
583079 2332.32
583066 2332.26
583114 2341.82
583826 2344.68
584001 2345.39
584429 2347.1
583638 2334.55
583497 2333.99
583652 2334.61
584445 2337.78
584654 2329.3
584795 2339.18
584685 2329.42
584762 2320.48
585533 2332.8
585843 2343.37
586572 2355.71
586136 2353.96
586156 2363.53
585620 2361.37
585780 2362.02
585086 2368.77
585075 2368.72
584800 2367.61
585042 2359.04
585225 2359.78
585253 2359.89
585910 2362.54
585529 2361
585347 2369.83
585405 2370.06
585323 2369.73
585196 2378.85
585169 2369.11
585416 2351.07
584943 2339.77
584985 2339.94
585032 2340.13
584626 2347.9
585102 2331.08
585075 2330.98
585228 2331.59
585575 2332.97
585917 2334.33
586289 2345.16
586364 2345.46
586140 2344.56
586260 2345.04
586501 2346
587451 2349.8
587347 2358.82
587342 2368.31
587749 2360.44
588524 2344.72
588617 2354.47
588648 2354.59
588643 2364.03
588191 2371.74
588430 2372.7
588813 2364.71
589280 2366.59
589803 2368.69
589976 2369.38
590607 2362.43
590829 2363.32
590753 2363.01
590678 2362.71
590376 2361.5
590324 2351.89
590963 2335.82
590878 2335.49
590080 2323.15
589603 2312.17
590044 2313.9
590393 2324.38
590126 2323.33
589870 2313.22
590158 2314.35
589846 2313.12
590221 2323.7
590373 2324.3
590212 2323.67
590395 2333.58
590521 2334.08
590358 2324.24
589830 2322.17
590332 2315.03
590238 2305.62
590274 2305.76
590533 2306.77
590301 2305.86
590006 2313.75
589687 2303.46
589877 2286.34
589125 2292.32
588895 2291.42
588991 2274.1
588795 2255.92
588464 2246.05
588187 2236.45
587798 2234.97
587922 2235.44
588205 2236.52
587768 2234.86
587280 2233
586983 2215.03
586560 2213.43
586796 2206
586821 2206.09
586306 2204.16
586408 2196.28
586376 2196.16
586637 2205.4
586375 2187.97
586402 2188.07
586855 2189.76
586567 2196.88
586220 2179.26
586004 2186.58
585855 2186.03
586593 2196.98
586650 2205.45
587077 2215.38
587161 2215.7
587567 2217.23
587174 2215.75
587530 2217.09
587431 2208.39
587707 2209.42
588203 2219.63
587778 2209.69
587434 2200.13
587586 2192.49
587990 2202.21
588082 2202.55
588571 2204.39
588254 2203.2
588303 2203.38
588598 2204.49
588581 2204.42
588080 2194.33
588597 2204.48
588729 2204.98
588950 2205.81
589311 2207.16
589938 2209.51
589956 2193.14
590679 2195.83
591106 2205.62
591707 2207.86
592094 2217.58
592124 2226.03
592028 2234.07
591759 2233.05
591825 2233.3
592271 2234.98
592483 2227.38
592823 2228.66
593238 2213.57
593228 2213.54
593544 2214.72
593683 2223.53
594437 2234.73
594577 2235.25
595261 2246.27
595941 2248.83
596140 2258.11
596166 2258.2
596201 2249.82
596156 2232.79
596093 2232.56
596281 2241.66
596397 2242.09
596762 2243.47
596858 2227.08
596769 2226.75
596979 2227.53
597294 2228.71
597134 2236.46
597005 2235.97
597097 2244.73
597388 2237.41
597672 2246.89
598270 2249.14
598374 2249.53
598088 2248.45
598045 2248.29
598075 2239.98
598009 2239.73
598098 2240.07
597827 2239.05
597988 2231.3
598102 2231.72
597877 2230.88
597712 2221.98
597998 2223.04
598582 2216.97
598465 2224.78
598467 2224.78
597994 2231.32
597571 2238.09
597314 2245.54
597066 2244.61
596624 2242.95
596709 2243.27
597235 2245.24
596682 2251.63
596242 2249.97
596403 2250.58
596095 2249.42
595922 2257.28
596018 2249.12
596196 2258.32
596149 2258.14
595867 2265.65
595414 2263.93
594876 2261.89
594619 2252.34
594297 2251.12
594730 2252.77
594479 2243.32
594519 2251.97
594785 2252.97
594709 2252.69
595117 2245.72
595187 2245.99
595371 2246.68
595597 2247.54
596033 2249.18
595723 2248.01
595845 2256.99
595524 2255.77
595545 2264.43
595490 2272.86
595498 2281.6
596002 2283.53
595404 2281.24
595714 2291.21
595367 2281.1
595215 2263.17
594938 2262.12
595079 2262.66
595583 2264.57
595823 2256.91
595776 2265.31
596588 2268.4
596715 2268.88
597168 2262
597422 2262.96
597972 2265.05
598303 2257.75
598830 2259.74
599058 2260.6
599067 2243.7
599219 2244.27
599426 2245.04
599797 2229.73
600335 2231.73
599723 2229.45
599470 2236.83
599746 2246.24
599113 2235.5
598810 2234.37
599378 2236.49
599102 2235.46
598961 2226.62
599256 2227.72
599318 2236.26
599169 2235.71
598783 2234.26
598545 2233.38
598608 2241.98
598638 2233.72
598870 2234.59
599045 2210.5
598590 2200.7
598396 2199.99
598251 2199.45
598296 2199.62
598086 2206.96
597915 2206.33
598000 2214.81
598172 2215.45
598135 2215.31
598236 2223.93
598411 2208.16
598732 2193.16
598877 2185.68
598560 2184.53
598597 2192.66
598723 2193.12
598602 2200.74
598181 2199.19
598463 2200.23
598241 2207.53
598125 2190.93
597664 2181.26
597437 2188.41
596643 2185.51
596498 2184.97
596911 2178.51
597224 2179.65
597170 2179.45
597123 2171.36
596589 2169.41
596583 2169.39
596387 2176.59
596215 2183.94
595630 2173.83
595158 2172.11
595063 2171.76
595028 2171.64
594923 2171.25
594792 2178.73
595043 2179.64
595076 2179.77
595170 2180.11
595123 2171.98
594507 2169.73
594905 2171.19
594439 2169.49
595106 2164.02
595533 2165.57
595143 2172.05
595502 2181.33
595104 2187.88
594544 2193.89
595140 2196.09
595040 2195.72
595062 2187.73
594391 2185.26
594026 2183.92
594183 2176.49
594628 2170.18
594812 2162.95
595651 2158.16
595983 2159.36
596457 2161.08
596630 2169.56
596166 2175.79
596585 2169.4
597590 2180.99
597257 2179.77
597581 2188.94
597684 2181.33
597915 2182.17
598152 2175.1
597775 2181.66
598234 2183.34
598025 2190.57
598302 2191.58
598735 2193.17
598536 2192.44
598779 2185.32
599012 2178.23
599309 2187.26
599157 2170.86
599457 2179.84
599177 2170.93
599697 2157.18
600141 2151.04
599786 2149.77
599825 2157.64
600146 2158.8
600538 2152.47
600510 2160.11
600703 2160.8
600709 2168.62
600755 2160.99
601326 2170.85
601913 2180.84
602146 2189.62
602352 2190.37
602012 2181.2
602017 2181.22
602358 2174.58
602861 2176.39
602554 2183.17
602204 2189.83
602459 2190.76
602827 2192.1
603181 2193.39
603453 2194.37
604446 2206.01
604162 2204.97
603918 2204.08
604215 2181.28
604784 2183.34
604301 2181.59
604346 2181.75
604657 2175.03
604781 2175.47
604740 2159.79
604897 2160.35
604993 2168.43
605417 2169.95
605084 2161.01
605201 2161.43
605243 2169.33
604740 2175.32
604233 2181.35
604866 2191.54
605545 2201.98
605990 2203.6
606064 2195.88
606820 2190.69
606598 2197.82
606780 2190.54
607041 2191.48
606979 2167.78
606657 2158.92
606753 2159.26
605612 2162.9
605684 2163.16
605519 2154.87
605914 2163.98
605810 2171.36
605282 2169.47
605729 2163.32
605374 2162.05
605706 2170.99
606418 2181.36
605923 2179.58
606161 2180.44
605723 2155.6
605138 2153.52
605038 2153.16
604469 2151.14
604766 2152.19
604140 2149.96
603653 2140.61
604025 2149.56
603758 2148.6
603598 2155.71
603559 2163.29
603632 2163.56
603406 2162.75
603444 2162.88
603674 2163.71
603048 2169.24
602713 2168.03
602085 2150.3
602775 2160.48
602377 2151.35
602384 2151.37
603020 2161.36
602421 2166.98
602778 2152.78
603002 2153.58
602746 2152.66
602411 2151.47
601993 2149.97
601999 2142.35
602043 2142.5
601600 2140.93
601851 2141.82
601643 2148.72
601242 2147.29
601955 2149.84
601587 2140.88
601250 2132.09
601194 2124.36
601166 2109.35
602052 2112.46
602125 2105.33
602274 2113.24
601600 2110.88
601174 2116.81
601461 2125.3
601691 2133.66
600930 2138.54
600525 2129.52
600770 2122.86
600358 2106.52
599988 2105.22
600166 2105.85
600451 2092.16
600938 2086.59
601408 2095.5
601490 2095.78
601623 2096.25
601986 2097.51
602689 2099.96
602908 2100.72
602874 2100.61
602603 2099.66
602169 2090.86
602468 2070.34
602482 2070.38
602030 2061.75
601584 2067.3
601472 2052.81
601831 2054.03
601507 2059.96
601384 2052.51
601350 2052.39
601360 2059.45
601119 2058.63
600915 2057.93
600969 2065.19
601326 2066.41
601048 2065.46
600728 2064.36
600759 2064.46
600432 2063.34
600239 2055.61
600120 2055.21
599936 2054.58
599908 2054.48
599736 2053.89
599642 2060.63
599905 2068.64
599613 2074.79
599293 2073.68
599423 2074.13
600147 2076.63
599677 2075.01
599464 2060.01
599659 2067.79
599389 2066.86
599129 2058.86
599355 2059.64
599967 2068.85
600300 2070
600811 2071.76
600915 2072.12
600582 2070.97
601031 2072.52
600643 2071.18
600582 2078.14
600793 2086.09
600306 2070.02
600324 2055.9
600442 2056.31
600799 2064.6
600755 2057.38
600897 2057.87
601087 2051.49
601518 2059.99
601460 2059.79
601328 2052.31
601329 2052.32
601074 2058.47
601100 2065.64
600918 2057.94
601617 2053.3
601279 2052.15
601535 2060.05
601419 2066.73
600489 2070.65
600262 2069.87
600890 2072.03
600629 2071.13
600718 2071.44
601210 2073.14
600406 2070.37
600402 2077.52
600449 2077.68
600075 2083.59
600689 2064.22
600146 2062.36
600742 2064.41
601127 2065.73
601985 2068.68
602869 2071.71
603174 2079.91
602786 2078.57
603444 2073.69
603019 2065.13
603398 2066.43
603345 2059.2
603868 2060.98
603889 2061.05
604441 2062.94
604829 2057.24
604455 2055.97
605011 2064.88
605737 2067.36
605669 2074.21
606483 2077
606599 2077.39
606591 2077.37
606138 2075.82
605831 2081.89
605876 2074.92
606354 2083.69
606746 2077.9
606533 2077.17
606083 2075.63
606187 2075.98
606472 2076.96
606371 2076.61
606568 2077.29
606597 2070.3
606607 2056.29
606413 2055.64
606647 2056.43
606902 2057.29
606565 2056.15
606509 2055.96
607024 2057.71
606684 2049.61
606849 2050.17
607658 2052.9
607377 2038.18
607257 2024.19
607028 2023.43
606854 2029.61
606241 2020.8
606273 2020.91
606058 2026.95
606292 2034.54
606357 2034.76
606443 2035.04
606236 2034.35
606330 2034.66
606460 2028.29
606878 2029.69
607327 2038.01
607754 2046.31
607342 2051.83
607519 2059.39
608445 2069.54
608889 2064.03
608647 2056.24
608528 2055.84
608494 2055.72
608720 2063.46
608833 2070.86
608335 2062.15
607786 2060.29
607853 2060.52
607954 2060.86
607549 2066.49
607709 2060.03
608185 2061.64
608519 2069.79
608306 2069.07
608657 2070.26
608431 2076.56
608656 2077.32
608422 2083.64
608950 2092.61
608659 2098.82
608317 2104.9
608874 2114.15
609132 2122.41
609581 2131.4
609939 2125.22
609779 2124.67
610070 2125.68
609705 2117.03
609433 2108.76
609589 2102.03
610132 2096.67
610255 2097.1
610313 2097.3
610561 2090.96
610750 2091.61
610887 2099.27
611162 2107.46
610812 2113.54
611171 2114.78
611292 2115.2
611053 2107.08
610941 2113.98
611151 2114.71
610648 2112.97
610671 2120.39
610127 2118.5
609873 2110.29
609702 2109.7
609800 2102.76
610100 2111.07
610362 2111.98
610350 2111.94
610222 2118.83
609554 2123.88
609731 2131.93
610005 2132.88
610009 2140.38
610105 2133.23
610449 2134.44
610842 2143.31
611377 2145.18
610547 2149.81
610189 2148.55
609865 2132.4
609623 2139.03
609532 2131.23
609442 2123.49
608941 2129.16
608867 2128.91
608870 2128.92
608891 2128.99
608423 2134.82
608237 2119.29
608329 2119.61
607570 2116.97
607615 2117.13
607525 2116.81
607295 2108.66
607333 2108.8
606460 2105.76
606427 2112.99
605942 2111.3
605666 2117.71
605345 2124.02
605398 2131.68
605098 2123.15
604552 2121.24
605238 2116.22
605279 2108.99
604983 2107.95
604951 2107.84
604691 2114.3
604179 2112.51
603462 2110.01
602939 2108.18
602333 2106.06
602066 2105.13
602460 2106.5
602177 2112.9
601674 2111.14
601173 2109.38
600939 2086.59
600828 2093.48
600505 2099.67
600535 2099.77
600522 2092.41
600750 2093.21
600588 2099.96
600368 2099.19
600940 2093.87
600815 2093.43
600893 2093.7
600986 2101.35
601132 2109.24
601045 2108.93
601041 2116.34
600860 2115.7
601032 2123.79
600962 2131.07
600664 2122.49
601192 2116.87
600444 2114.24
600265 2121.08
600248 2128.54
600051 2105.44
600039 2105.4
600149 2105.79
600437 2099.43
600488 2092.29
599998 2090.59
600001 2090.6
599897 2090.23
600495 2099.63
600156 2091.14
600029 2098
599937 2097.68
600241 2091.43
599649 2082.11
599359 2081.11
599465 2074.27
599223 2080.64
599113 2087.5
599357 2095.65
599799 2097.2
599453 2103.34
599163 2094.98
599650 2104.04
599552 2111.1
600128 2120.59
599198 2124.82
599416 2133.15
599227 2132.48
598882 2131.25
599327 2132.84
599304 2132.75
599135 2132.15
599606 2133.83
600011 2135.27
600381 2144.22
600600 2145
600810 2145.75
601473 2155.82
601858 2157.2
601432 2163.42
600608 2160.46
600766 2168.83
600458 2175.57
599721 2180.8
598952 2178.01
598818 2185.47
598603 2184.68
598787 2185.35
598870 2185.66
598507 2176.39
598010 2166.7
598512 2168.52
598726 2177.19
598677 2184.95
598680 2192.97
598628 2192.78
598427 2192.04
598696 2185.02
598692 2185.01
599213 2178.96
599545 2180.16
599585 2164.57
599404 2171.75
599711 2172.87
599708 2172.86
600056 2166.27
600430 2167.62
600343 2167.3
600397 2159.7
600888 2146.03
600483 2152.27
600722 2160.87
600479 2160
600697 2160.78
600559 2152.54
600324 2159.44
600072 2158.53
600082 2166.36
600241 2159.14
600478 2152.25
600294 2151.59
600691 2153.01
601189 2147.1
600901 2153.77
601610 2164.06
601993 2165.44
602510 2167.3
602308 2166.58
602749 2175.99
602807 2168.37
603014 2169.12
603135 2169.55
603213 2169.83
602798 2168.34
602546 2159.66
602344 2166.71
602184 2150.66
602244 2150.87
601553 2148.4
601365 2155.43
601640 2156.42
601462 2148.08
601668 2141.17
601829 2141.74
601533 2140.69
601566 2140.8
601817 2141.7
601603 2140.94
602048 2142.52
601696 2148.91
601767 2149.17
601350 2147.68
601303 2155.21
601584 2156.22
601801 2156.99
601968 2157.59
602457 2143.98
602543 2151.94
602376 2143.69
602282 2128.2
602422 2136.25
602853 2130.22
602601 2136.88
602632 2129.44
603111 2131.13
603664 2125.58
603760 2103.69
603572 2103.04
603955 2089.81
603586 2088.53
603679 2088.85
604212 2090.7
604131 2061.88
603677 2060.33
602852 2057.52
603291 2059.01
603556 2059.92
603588 2060.03
603684 2060.35
603127 2058.45
603229 2065.85
604015 2068.54
603459 2066.64
603469 2066.67
603933 2068.26
603575 2067.04
603580 2052.99
603398 2059.38
603050 2058.19
602659 2063.9
602665 2071.01
602710 2078.31
602374 2077.15
602224 2076.63
602358 2077.1
602534 2063.47
602493 2063.33
601960 2068.59
602486 2070.4
602440 2070.24
602305 2076.91
602553 2084.96
602786 2085.76
602478 2091.94
602054 2090.47
601547 2088.7
601598 2081.65
601590 2074.45
601026 2072.5
601135 2072.88
601379 2073.72
601389 2073.76
601598 2081.65
601130 2080.03
601904 2082.71
601841 2082.49
601987 2090.23
602318 2091.38
602652 2092.54
602981 2086.44
602800 2093.06
603481 2095.42
603516 2102.84
603606 2103.16
603667 2103.37
603223 2094.52
603540 2095.62
603151 2094.27
603392 2095.11
603388 2095.1
603156 2094.29
603466 2095.37
603493 2088.21
603682 2081.66
603571 2081.28
603416 2087.94
603418 2087.95
603149 2094.27
603038 2101.18
602802 2107.7
603035 2115.91
603047 2101.21
603164 2101.62
603043 2108.54
603083 2108.68
603276 2102.01
603601 2103.14
603838 2111.32
603934 2104.3
604252 2098.1
603636 2088.71
603673 2088.83
603411 2080.73
603324 2080.43
603657 2074.42
603412 2080.73
603150 2072.68
602971 2072.07
602295 2069.74
602858 2071.68
602891 2050.65
603036 2051.14
603374 2052.29
603185 2058.65
602852 2057.52
603034 2044.18
603464 2052.6
602802 2050.35
602954 2057.86
602522 2056.39
602652 2056.83
602370 2055.87
601721 2060.69
602207 2062.35
601679 2060.54
601283 2066.26
601456 2073.99
601263 2073.32
601400 2080.97
600778 2078.82
600759 2078.75
600601 2071.04
600736 2071.5
600391 2063.2
600438 2063.36
600479 2063.5
601059 2065.49
600908 2072.1
600562 2070.9
600941 2072.21
601345 2073.6
601518 2074.2
601346 2066.48
600983 2072.36
601121 2072.83
601249 2073.27
601490 2081.28
601371 2088.09
601600 2096.17
601440 2102.94
601375 2110.09
601393 2117.58
601583 2110.82
602062 2119.94
602366 2113.56
602329 2113.44
602374 2121.04
602104 2120.08
602008 2119.75
602324 2128.35
602418 2136.23
602273 2143.32
602960 2138.16
603437 2124.78
604137 2134.76
604089 2134.59
604196 2142.54
604067 2149.7
603794 2133.55
603618 2125.42
603640 2125.49
604160 2127.32
604409 2135.72
604906 2145.06
604790 2144.65
605381 2154.38
605742 2140.43
605940 2141.13
606421 2150.43
606410 2158.04
605982 2148.87
605723 2147.95
605877 2148.5
606497 2150.7
606497 2150.7
606932 2152.24
607298 2153.54
607090 2160.46
607150 2168.39
607566 2177.66
608275 2172.41
608403 2180.66
608615 2181.42
609188 2175.67
609456 2176.63
609707 2177.53
609858 2185.87
610366 2179.88
610373 2179.9
610910 2181.82
610828 2181.53
611077 2174.65
610900 2181.79
610714 2181.12
610735 2189.01
610914 2197.53
611801 2200.72
612188 2202.12
612269 2202.41
612626 2203.69
612327 2202.62
612262 2210.33
612345 2210.63
611848 2193
611455 2191.59
611903 2185.37
611337 2191.17
611413 2191.44
611303 2198.93
611504 2191.77
611719 2169.22
611744 2169.3
611767 2169.39
611842 2169.65
612100 2178.29
612342 2186.94
612557 2187.7
612722 2188.29
612375 2187.05
612429 2195.09
612227 2194.36
613037 2205.17
612910 2212.67
612883 2196.71
613476 2198.84
613745 2207.72
613738 2215.66
613468 2214.69
613702 2215.53
613505 2206.85
613326 2214.17
613427 2222.56
614135 2233.22
614738 2243.57
614608 2243.09
614968 2236.25
615262 2237.32
615857 2239.48
616668 2250.61
616108 2256.81
616489 2266.5
616717 2267.34
616413 2266.22
616652 2267.1
616160 2273.65
616522 2274.99
616758 2275.86
616692 2275.62
616881 2276.31
617664 2270.82
617478 2261.82
617134 2252.31
617052 2243.83
617576 2245.73
617746 2246.35
617582 2253.95
617480 2245.38
617356 2253.12
617124 2235.96
617054 2235.7
617214 2228.21
616456 2225.47
616051 2232.07
615802 2239.28
615600 2230.43
615278 2237.37
615537 2238.32
615206 2220.96
614827 2219.59
614439 2218.19
614348 2209.88
613875 2216.16
613877 2224.19
613888 2224.23
613917 2216.31
614044 2224.8
613943 2224.43
613750 2231.82
613970 2240.77
614385 2234.13
613899 2232.36
613547 2231.08
613556 2207.04
613324 2198.29
613376 2198.48
612951 2196.96
612750 2204.14
612385 2202.82
612407 2195.01
612550 2203.42
612681 2211.84
612407 2210.86
612717 2204.02
612491 2203.21
612024 2201.53
612030 2209.49
611927 2217.13
612690 2219.89
612152 2217.94
612125 2225.91
610868 2213.29
610650 2212.5
610670 2220.62
610372 2219.53
610295 2219.25
610003 2218.19
610161 2218.77
610462 2227.96
610383 2227.68
610275 2235.44
610010 2234.47
609882 2217.75
609477 2216.28
608903 2214.19
608372 2212.26
608363 2212.23
607790 2202.14
607162 2207.86
607088 2215.65
606743 2198.34
606575 2197.74
606779 2198.47
606439 2205.23
605755 2202.75
605090 2208.36
604901 2207.67
604095 2188.75
603819 2187.75
603357 2186.08
603542 2186.75
603722 2179.5
603083 2177.19
603465 2178.57
603219 2177.69
603123 2177.34
603164 2185.38
603179 2185.43
603486 2194.49
603426 2194.28
603173 2193.36
603299 2193.81
603024 2192.81
603310 2193.85
603337 2178.11
602952 2176.72
602953 2176.73
602571 2183.23
602437 2174.86
602141 2173.79
602661 2175.67
602589 2175.41
602881 2184.35
602707 2168.01
602920 2161
602437 2159.27
602385 2143.72
601590 2140.89
601651 2141.11
601329 2147.6
600941 2138.58
600351 2136.48
600299 2143.93
600820 2153.48
600522 2160.15
601093 2170.01
601280 2178.55
601457 2179.19
601483 2171.42
601103 2162.24
600866 2161.39
600462 2159.94
600550 2160.25
600488 2167.83
600592 2168.2
600268 2174.88
599952 2158.1
600479 2160
600990 2161.83
601158 2170.25
601334 2170.88
601663 2172.07
601816 2172.62
602080 2181.45
602191 2181.85
602172 2181.78
602359 2182.46
601931 2188.84
601753 2188.19
601473 2187.17
600895 2185.07
600290 2182.87
599973 2189.68
600046 2197.97
600480 2199.56
600356 2199.11
600091 2198.14
600234 2190.64
600252 2198.73
600253 2198.73
600258 2206.83
600782 2208.76
600731 2216.72
600599 2224.44
600512 2215.91
601077 2218
600888 2217.3
600994 2209.54
601112 2209.97
601514 2219.61
601335 2202.69
601757 2212.34
601270 2210.55
601483 2211.33
601677 2212.05
601574 2211.67
602160 2221.99
601988 2221.36
601577 2211.68
601732 2204.15
601901 2212.87
601744 2220.46
601410 2219.23
601147 2226.47
600919 2225.63
600642 2232.87
601205 2218.47
601497 2211.39
601491 2203.26
601697 2204.02
601575 2195.53
601393 2186.88
601273 2186.45
601601 2179.71
601258 2170.61
602050 2173.47
602310 2182.28
602624 2183.42
601547 2179.52
601983 2181.1
601946 2180.96
602242 2189.97
602602 2199.28
603035 2208.92
602970 2208.68
603209 2217.68
603289 2217.97
602987 2216.86
603357 2226.41
603762 2227.9
604389 2222.02
604785 2223.47
604867 2223.78
605062 2216.34
605682 2226.77
606183 2220.45
605861 2211.17
605964 2219.65
606547 2221.78
606743 2230.67
607260 2240.81
607662 2242.3
607269 2249.14
607497 2258.35
607589 2258.7
608156 2260.8
608193 2252.57
607982 2243.48
608892 2246.83
609245 2248.14
609937 2250.69
609943 2250.71
610023 2259.34
610230 2243.49
609501 2249.08
609856 2250.39
610157 2251.5
610120 2251.37
610427 2252.5
610501 2261.11
610403 2260.75
609879 2258.81
610306 2243.77
610465 2236.14
610796 2229.18
611112 2238.51
611229 2230.76
610827 2229.3
609945 2234.23
610693 2236.97
611063 2230.16
611159 2230.51
611402 2231.39
611532 2223.75
611832 2224.84
611452 2223.46
611663 2224.23
611478 2223.56
611586 2232.07
611528 2240.03
611300 2239.19
611465 2239.8
611486 2248.11
611677 2248.81
611444 2247.96
611279 2247.35
610972 2246.22
610689 2245.18
610566 2244.73
610604 2236.64
610599 2244.85
610612 2244.9
610879 2237.65
610908 2245.99
610758 2245.43
610235 2243.51
610269 2243.64
610031 2234.55
610389 2244.08
609970 2242.54
609348 2248.52
608940 2247.01
608593 2254.05
608799 2263.19
608486 2253.65
609102 2247.61
609087 2255.88
609187 2256.25
608830 2246.61
608339 2244.79
608245 2244.45
608333 2236.52
608413 2245.07
608291 2244.62
607673 2234.09
607380 2233.01
606555 2229.98
606183 2228.61
606543 2229.94
606004 2227.96
605354 2233.78
605062 2216.34
604967 2224.14
604468 2222.31
604085 2229.1
603314 2226.25
602522 2223.33
601643 2220.08
601059 2217.93
600799 2216.97
599998 2214.01
599396 2211.79
599462 2212.04
599432 2211.93
599362 2203.54
599323 2211.52
599270 2211.33
598750 2209.41
598402 2208.13
598324 2207.84
598187 2207.33
598432 2200.12
598201 2207.38
598654 2200.93
598711 2201.14
599080 2202.5
599254 2203.14
598530 2200.48
598372 2183.84
598164 2167.26
598323 2167.84
597735 2165.71
597038 2147.62
596628 2153.89
596258 2160.36
596529 2161.34
596824 2170.27
596891 2170.51
597082 2179.13
597280 2171.93
597400 2164.49
597429 2164.6
597905 2150.74
597706 2150.02
597755 2150.2
597986 2151.03
598104 2151.45
598110 2143.76
598416 2144.86
598332 2144.56
598404 2144.82
598751 2146.06
598824 2154.04
598364 2152.39
598997 2162.44
598427 2152.62
598262 2152.02
598318 2152.22
598143 2151.59
598229 2151.9
597729 2150.1
597418 2156.74
597002 2147.49
596521 2153.51
596759 2154.36
596773 2146.67
596681 2146.33
596700 2138.71
596886 2131.74
597185 2117.68
597581 2119.08
597705 2127.06
597073 2132.4
597226 2132.95
596912 2139.47
596697 2146.39
596572 2145.94
596918 2139.49
596951 2124.38
596759 2116.17
595911 2113.16
595048 2117.61
595303 2118.52
595306 2118.53
595403 2118.87
595084 2102.77
595289 2096.09
595303 2103.54
594935 2094.84
594381 2092.89
594409 2100.39
594334 2107.57
594632 2101.17
595128 2102.93
595145 2102.99
594832 2101.88
594969 2109.82
595106 2117.81
595340 2126.21
596417 2137.7
596770 2131.32
597472 2126.23
597550 2126.51
597622 2126.77
597867 2135.24
598102 2136.08
598516 2137.56
599005 2131.69
599817 2134.58
599760 2134.38
600193 2135.92
599791 2134.49
599622 2126.32
600073 2120.4
599687 2126.55
599505 2133.47
599226 2132.48
599879 2134.8
600365 2144.16
599968 2142.74
600203 2151.27
600043 2143.01
600159 2151.11
600145 2143.38
599870 2150.07
600351 2136.48
600615 2145.05
600452 2144.47
600502 2144.65
600153 2151.09
600734 2153.17
600711 2153.09
600624 2152.77
600584 2160.37
600558 2160.28
600379 2151.9
599446 2156.28
599373 2156.02
599674 2164.89
599792 2165.31
600271 2174.89
600391 2183.24
600283 2190.81
600225 2190.6
599749 2188.86
599946 2189.58
599967 2189.66
600239 2174.78
600398 2183.27
600466 2183.51
599495 2179.98
599394 2171.72
598735 2177.22
598301 2167.76
597834 2150.48
597635 2149.77
596946 2147.29
597370 2148.81
597732 2157.88
598276 2167.67
598741 2177.24
598687 2177.04
597910 2182.15
598276 2175.55
597860 2181.97
598012 2174.59
597752 2173.64
598042 2174.7
597692 2173.43
597553 2172.92
597783 2158.06
598372 2168.01
598619 2176.8
598488 2176.32
598254 2175.47
598165 2175.15
597781 2181.68
597723 2181.47
597497 2180.65
597438 2180.43
597679 2189.3
598342 2191.73
598294 2199.61
598306 2199.65
598076 2198.81
597815 2189.8
598152 2199.09
598191 2199.23
597976 2198.44
598144 2191
599336 2195.37
598911 2193.81
599300 2203.31
599419 2187.66
599353 2187.42
599503 2187.97
599490 2172.07
599659 2180.58
599727 2180.83
599174 2178.81
599313 2179.32
599302 2187.23
599803 2197.08
599979 2205.81
599699 2204.78
599009 2202.24
598865 2209.83
599092 2210.67
599908 2213.68
599327 2211.54
599681 2221.04
600031 2222.34
599575 2212.45
599262 2211.3
599098 2210.69
599493 2212.15
599709 2212.95
599841 2213.44
600254 2214.96
600529 2215.97
599950 2205.7
600873 2201
601220 2194.23
600878 2192.99
601652 2195.81
601752 2196.18
601986 2205.08
602327 2206.33
603116 2217.34
603310 2209.93
602928 2208.53
603008 2216.94
602829 2216.28
602532 2199.02
602274 2206.13
602681 2199.57
603018 2208.86
603158 2209.37
603248 2209.7
603542 2218.9
603704 2211.37
603590 2210.95
603163 2209.39
603217 2209.59
603196 2209.51
603460 2218.6
603586 2219.07
603831 2219.97
604121 2221.03
604138 2212.96
604135 2212.95
604211 2213.23
604367 2213.8
604205 2213.21
604681 2206.86
605048 2208.2
605547 2210.03
605293 2217.19
604913 2207.71
605801 2210.95
605592 2210.19
605358 2217.43
605488 2226.06
605686 2226.79
606210 2228.71
606063 2228.17
605755 2235.26
606229 2228.78
606456 2229.62
606773 2230.78
607030 2239.96
607441 2249.78
607852 2251.3
608080 2252.15
608390 2253.3
608210 2244.32
607771 2242.7
607963 2243.41
608090 2243.87
608637 2245.89
607954 2251.68
607486 2249.95
608021 2251.93
607880 2251.41
607472 2258.26
607824 2259.57
608263 2269.64
608155 2269.24
608641 2271.05
608713 2262.87
608417 2261.77
608391 2261.68
608424 2253.42
608109 2252.26
608374 2244.92
608032 2243.66
607915 2218.67
608741 2221.68
609023 2222.71
608547 2229.11
608639 2229.45
608555 2237.33
608459 2236.98
609069 2239.22
608600 2229.3
608333 2220.19
607587 2209.41
607188 2199.96
607123 2199.72
607502 2209.1
607841 2202.32
607743 2194.02
607224 2192.14
607464 2193.01
607713 2193.91
607195 2192.04
607015 2191.39
606896 2190.96
607042 2183.6
607164 2191.93
607168 2199.88
606831 2198.66
607242 2208.15
607281 2208.29
607293 2216.4
606705 2198.21
607095 2207.62
606679 2206.11
606616 2213.93
607234 2216.18
606873 2214.86
606568 2221.86
606691 2206.15
606598 2205.81
606667 2206.06
606723 2214.32
606838 2222.85
606867 2222.96
607060 2231.84
606880 2231.18
606843 2231.04
606461 2213.36
606787 2222.66
606427 2221.34
606280 2220.81
606166 2220.39
606242 2212.56
605799 2210.95
606253 2212.6
605522 2201.9
605314 2201.14
605683 2202.48
605448 2201.63
605584 2202.12
605613 2186.33
605931 2187.48
606100 2196.01
605839 2203.05
605821 2211.03
605659 2210.43
605728 2210.69
605670 2210.47
606200 2220.51
605894 2227.55
605461 2217.81
605714 2218.73
604978 2224.18
605068 2232.72
605869 2235.68
606204 2236.92
605954 2235.99
606014 2236.21
606298 2229.04
606366 2229.29
606274 2237.17
606209 2236.93
605833 2235.55
606065 2244.69
605778 2251.96
605392 2250.53
605244 2258.37
604817 2256.78
604842 2256.87
604528 2247.32
603791 2244.58
603690 2252.57
603556 2252.07
603705 2252.63
603603 2260.69
603892 2270.27
604196 2262.91
604062 2262.4
603827 2261.52
603969 2262.06
604755 2256.55
604728 2256.45
604895 2257.07
604519 2255.67
604510 2247.25
604538 2255.74
604770 2256.6
604789 2248.29
604779 2256.64
604451 2263.86
604881 2265.47
605374 2275.84
605212 2258.25
604859 2248.55
604446 2247.01
605227 2249.91
605668 2251.55
605549 2251.11
605306 2258.6
605261 2258.44
604685 2264.74
604290 2263.26
604561 2272.79
604162 2262.78
604245 2263.09
603955 2253.56
603996 2253.72
604325 2254.94
604545 2247.38
604695 2247.94
604470 2247.1
604369 2255.11
604173 2262.82
604456 2272.39
604798 2282.26
605128 2292.15
604993 2291.64
604685 2299.18
604989 2300.34
605310 2301.56
605124 2300.85
605537 2302.42
605457 2302.12
605990 2295.42
605470 2302.17
605267 2301.4
604923 2300.09
604245 2280.17
603984 2279.18
604038 2270.82
604453 2272.38
603878 2270.22
604180 2279.92
604099 2279.62
603871 2287.39
603917 2296.26
603772 2295.71
603648 2304
604035 2314.31
603170 2311
602710 2309.23
602539 2317.46
602682 2318.01
602435 2308.18
602083 2315.7
601939 2315.15
601936 2315.14
602057 2324.54
601929 2333.06
602293 2334.47
602547 2335.45
601871 2341.91
602166 2343.06
602138 2342.95
601680 2341.17
602050 2333.53
601992 2342.38
601387 2340.03
601586 2349.95
601806 2360.02
601878 2369.6
601801 2360
601472 2358.71
601330 2348.95
600874 2338.03
600671 2337.24
600348 2326.93
599646 2324.21
599410 2323.29
599125 2331.23
598269 2327.89
597786 2326.02
597722 2325.77
597820 2326.15
597831 2335.28
597749 2334.96
597521 2315.97
598138 2318.36
598237 2318.75
598348 2328.2
598645 2329.36
598503 2328.81
599112 2322.14
598897 2321.31
598884 2312.29
598657 2320.38
598926 2321.42
598611 2329.23
598663 2329.43
598316 2337.17
598163 2336.57
598108 2327.27
598072 2336.22
598370 2337.38
598085 2336.27
597931 2335.67
597295 2324.11
597383 2324.45
597689 2334.72
597944 2317.61
597662 2316.52
597919 2317.52
597853 2308.31
598139 2318.37
598069 2309.15
597939 2308.64
597671 2316.55
597573 2307.23
597489 2306.91
597456 2306.78
597102 2305.41
596937 2304.78
597017 2314.02
596848 2313.36
596773 2322.07
597057 2305.24
596938 2304.78
596653 2303.68
596538 2303.24
595880 2300.69
595687 2299.95
595471 2308.03
595559 2317.35
595377 2316.64
595161 2315.8
595372 2316.62
595086 2324.55
595339 2307.52
595548 2317.31
595722 2317.98
595337 2325.54
595175 2324.9
595041 2315.33
595033 2297.42
594720 2296.22
594867 2296.78
594661 2295.99
594308 2294.63
594317 2285.83
593794 2283.82
593036 2280.91
592779 2279.92
592723 2279.7
592299 2269.34
592135 2260.06
591397 2257.24
591179 2256.41
590802 2246.4
590948 2255.53
590736 2246.14
591076 2247.44
590804 2246.4
591065 2222.05
590813 2221.1
590723 2229.14
590522 2228.38
590606 2228.7
590046 2235.02
589477 2224.44
589525 2224.62
589133 2223.14
589476 2224.44
589727 2217.02
589899 2209.36
589905 2209.38
589529 2199.74
589819 2209.06
589684 2216.86
589456 2216
589379 2224.07
589409 2232.61
589020 2231.14
588811 2230.34
588843 2222.05
587994 2218.85
588099 2227.65
588467 2237.52
588192 2245.01
588530 2246.3
588412 2254.45
588728 2238.51
589487 2232.91
589380 2224.08
589724 2217.01
589610 2208.28
589602 2216.55
589718 2200.44
589648 2200.18
589992 2209.71
589653 2216.74
589430 2215.9
589917 2217.73
589491 2216.13
589181 2206.67
588844 2205.41
589047 2206.17
588587 2204.45
588642 2212.94
588166 2211.15
587813 2201.55
587489 2192.12
586997 2198.49
586989 2198.46
586784 2205.95
586217 2203.82
586411 2212.87
586337 2220.97
586428 2229.76
586941 2231.71
587073 2240.74
587064 2240.7
586675 2239.22
586734 2239.44
586835 2239.83
587087 2249.38
586518 2238.62
586416 2246.8
586161 2245.83
586392 2246.71
586405 2246.76
586596 2238.92
586542 2247.29
586701 2247.9
586356 2246.57
586494 2255.75
586439 2238.32
586400 2238.17
586056 2236.85
586077 2228.43
586321 2237.87
586223 2246.07
586457 2238.39
586208 2246.01
586351 2246.56
586391 2238.13
586148 2245.78
585815 2244.5
585844 2244.61
585800 2244.44
584724 2248.94
585082 2250.32
584690 2248.81
584889 2258.26
584660 2257.37
585030 2267.56
584892 2267.02
585114 2276.71
585578 2269.68
585883 2279.7
586391 2281.68
585532 2269.5
585716 2261.45
586119 2254.3
585963 2245.07
585782 2244.38
584968 2232.7
584584 2231.24
585058 2233.05
584653 2240.05
584502 2248.08
584923 2241.08
585652 2243.88
586131 2254.35
586008 2253.88
585887 2253.41
586178 2254.53
586356 2255.22
586199 2245.97
586411 2246.79
586707 2256.57
586437 2255.53
586249 2254.8
585724 2252.78
585808 2253.11
585817 2235.94
586193 2237.38
586317 2246.43
586423 2246.83
586580 2256.08
586272 2254.89
586680 2239.24
586657 2239.15
586726 2247.99
586673 2247.79
587220 2241.3
587492 2242.34
587769 2234.86
588013 2244.32
588200 2253.64
588705 2246.97
588568 2229.42
588248 2228.21
587949 2210.33
587944 2210.32
587900 2218.49
587657 2217.57
587040 2215.25
586269 2212.34
585227 2200.1
585255 2191.97
585352 2192.33
585064 2174.96
584752 2165.75
584986 2166.61
584711 2165.6
584577 2165.1
584331 2164.19
584069 2171.26
584158 2171.59
583948 2178.91
584245 2180.02
584252 2180.04
583957 2170.84
583601 2169.52
583250 2176.31
583124 2175.84
583299 2176.49
583677 2177.9
583392 2176.84
582886 2166.86
582468 2157.29
582218 2164.38
582754 2166.37
582528 2165.53
582338 2156.81
582443 2157.2
582558 2157.62
582854 2150.75
583054 2151.49
583589 2153.46
583538 2153.28
583754 2146.15
582780 2142.57
583081 2128.03
583231 2128.58
582920 2135.24
583545 2137.53
583415 2144.91
583486 2145.17
583676 2145.87
583845 2146.49
583696 2145.94
584135 2147.56
584080 2139.49
584282 2148.1
584947 2150.54
584679 2157.49
585386 2160.1
585659 2161.1
586405 2171.87
586016 2170.43
586188 2179.14
587094 2190.65
587643 2192.7
587951 2185.69
588460 2195.75
588737 2196.78
588837 2188.99
588927 2173.16
589761 2176.24
589596 2175.63
589439 2183.11
589999 2193.3
589811 2192.61
589631 2191.94
589567 2191.7
590372 2202.88
590453 2203.18
589643 2200.16
590096 2193.67
590519 2195.24
590214 2194.1
590195 2194.03
590093 2201.84
590060 2201.72
589444 2199.42
589663 2192.06
589651 2192.01
589862 2192.8
589591 2191.79
589422 2191.16
588957 2189.43
589111 2190
588994 2189.57
589168 2190.22
588934 2181.24
588748 2188.65
588939 2189.36
589532 2191.57
589716 2192.25
589692 2200.34
589749 2200.56
590280 2210.79
590416 2211.3
589957 2209.58
589800 2217.29
589709 2216.95
589634 2216.67
590290 2219.14
589973 2226.31
590215 2227.23
590646 2212.16
590581 2220.23
589992 2226.38
589819 2217.36
589899 2217.67
589679 2216.84
589810 2217.33
590121 2218.5
590550 2220.11
590610 2220.34
590862 2229.67
590860 2238.11
591084 2247.47
590800 2254.96
591311 2256.91
592157 2268.8
592149 2268.77
592108 2277.34
591878 2267.73
591712 2275.82
591667 2266.92
591913 2276.59
592047 2285.9
592779 2297.59
592545 2287.82
592888 2298.02
593157 2299.06
593071 2298.72
593390 2308.91
593684 2319.08
593985 2311.23
594191 2312.03
594226 2294.31
594542 2295.53
595185 2289.17
595451 2290.2
595570 2290.65
596018 2283.59
596838 2269.35
597350 2254.15
597193 2253.56
597258 2253.8
597223 2253.67
598059 2265.38
598684 2259.18
599375 2261.79
599335 2253.14
599664 2254.38
599643 2254.3
599273 2261.41
599256 2261.34
599474 2270.73
599779 2271.89
600350 2282.7
599844 2263.56
599606 2254.16
599156 2260.97
598897 2268.55
598574 2275.95
598660 2284.96
599115 2295.46
599513 2296.98
599501 2296.94
599601 2297.32
599671 2297.59
599997 2307.68
600174 2317.27
600592 2309.97
600165 2308.33
600434 2309.36
600119 2308.15
600011 2307.73
600509 2309.65
600714 2310.44
600872 2311.05
601068 2311.8
601038 2320.61
601648 2322.97
601699 2332.17
601514 2331.45
600625 2319.02
600921 2320.16
600503 2318.54
600839 2319.84
600902 2320.08
601041 2320.62
601331 2330.74
601409 2331.04
601208 2339.33
601454 2331.22
601314 2330.67
601120 2338.99
600764 2346.73
600587 2327.86
600642 2337.13
600326 2335.9
599955 2325.41
599256 2322.7
599496 2323.63
600087 2316.94
599225 2313.61
598774 2311.87
598625 2311.29
598271 2318.88
598691 2311.55
598785 2303.02
599206 2304.64
599063 2304.09
599283 2296.1
599271 2304.89
599193 2313.49
598838 2312.12
598831 2321.05
599005 2312.76
598533 2310.94
597885 2299.56
598087 2291.52
598596 2302.29
598656 2293.7
598836 2276.94
599300 2278.71
599531 2288.29
599899 2280.98
600466 2291.85
600158 2290.68
600709 2284.06
600680 2283.95
601209 2294.69
600650 2301.34
601184 2303.39
601937 2306.27
602239 2307.43
601893 2306.1
601454 2304.42
600491 2300.73
600352 2282.71
600810 2293.17
600624 2301.24
600844 2302.08
601011 2302.72
600261 2308.7
600443 2318.31
599937 2316.36
600456 2327.35
600847 2310.95
600201 2308.47
599957 2316.44
599599 2315.05
598644 2302.48
598550 2302.12
599052 2312.94
598982 2294.95
598589 2302.27
598370 2310.31
598471 2319.66
598256 2318.82
597827 2326.18
598172 2327.52
597518 2324.97
597107 2323.37
596946 2322.75
597044 2314.12
596856 2322.4
597402 2315.51
597259 2314.96
597281 2315.04
597777 2316.97
598113 2318.27
597742 2316.83
598055 2318.04
598243 2318.77
598735 2320.68
598410 2328.44
598227 2318.71
598683 2311.52
597886 2308.44
597242 2305.95
597367 2315.38
597435 2315.64
597660 2325.53
598039 2336.09
598392 2337.47
597997 2335.93
598059 2327.08
597678 2334.68
597374 2333.49
597442 2333.76
597349 2333.39
597929 2335.66
598195 2336.7
598437 2346.81
598934 2358.01
599195 2359.04
599523 2360.33
599927 2361.92
599927 2361.92
599702 2361.03
599236 2368.52
599311 2350.24
599583 2360.56
599780 2361.34
599322 2368.86
599428 2369.28
599490 2378.93
599054 2349.23
599243 2349.97
599215 2349.86
599576 2360.54
599636 2360.77
599480 2360.16
599490 2360.2
599196 2359.04
599387 2359.79
599398 2359.83
598783 2357.41
597991 2363.6
598066 2354.59
598133 2354.85
597638 2352.91
597721 2353.23
598322 2364.91
597933 2354.07
597786 2362.79
598106 2364.06
598304 2374.22
598400 2384.06
598475 2384.36
598296 2393.18
598198 2402.4
597912 2391.65
598072 2401.9
598158 2402.24
598419 2412.98
597801 2400.81
597793 2391.17
598169 2402.29
598064 2411.55
598102 2421.47
598339 2422.43
598444 2413.08
598226 2412.2
598002 2411.3
597445 2409.05
597194 2417.79
597697 2419.83
597857 2410.71
597643 2409.85
597637 2419.58
596983 2426.76
597723 2439.69
596855 2446.13
596174 2453.39
595489 2430.57
595245 2409.9
595145 2409.49
594690 2417.44
594961 2418.54
595214 2409.77
594762 2407.94
594468 2397.05
594417 2396.84
594357 2396.6
594056 2405.09
594205 2405.69
594216 2405.73
594602 2407.3
594576 2407.19
594940 2408.66
595069 2418.98
595534 2430.75
595104 2409.33
594584 2407.22
594146 2386.13
593451 2392.95
593320 2392.42
593485 2383.47
593392 2383.1
593478 2364.45
593549 2364.74
593502 2364.55
593087 2372.35
593160 2372.64
593439 2373.76
593408 2364.18
593196 2372.78
592657 2361.18
592580 2370.32
592942 2371.77
593747 2365.53
593701 2346.64
593428 2345.57
593007 2343.9
592455 2323.35
591889 2321.13
591847 2311.9
591659 2311.17
592124 2312.98
592702 2315.24
592956 2325.32
592562 2323.77
592968 2316.28
593825 2319.63
594036 2311.42
594207 2312.09
594216 2312.12
594791 2314.36
594166 2302.97
594158 2302.94
593810 2292.7
593638 2292.04
593548 2300.57
593863 2310.75
594242 2312.23
594712 2323.09
595082 2324.54
595097 2324.6
595144 2333.9
595441 2325.94
595589 2326.52
596422 2329.77
596509 2330.11
596449 2329.88
596488 2320.96
596490 2320.97
596248 2320.03
596057 2310.3
596841 2313.34
597364 2315.36
597240 2305.95
598026 2317.93
598216 2318.67
598446 2319.56
599261 2331.75
599025 2330.84
599329 2332.02
599446 2323.43
600174 2326.26
600218 2326.43
600267 2326.62
600682 2319.24
600387 2318.1
600513 2327.57
600265 2326.61
600748 2337.54
600777 2337.65
600895 2347.25
601414 2331.06
601144 2330.02
601657 2323
602140 2324.86
602409 2325.9
602358 2325.71
602955 2328.01
603268 2329.22
603081 2328.5
603435 2329.86
603139 2328.72
602922 2318.93
602702 2309.2
602538 2308.57
602792 2318.43
603218 2320.07
603551 2321.35
603411 2294.34
604175 2306.01
604638 2307.78
605058 2300.6
605230 2301.25
605112 2300.81
605312 2310.35
605634 2320.44
605973 2321.74
606446 2323.55
606560 2323.98
606885 2325.23
607143 2335.17
606842 2316.19
607150 2291.13
607752 2267.73
607761 2267.76
607944 2268.45
607648 2275.84
607872 2276.67
607190 2282.67
607203 2282.72
607981 2285.64
607950 2285.53
608293 2286.82
607961 2294.19
607803 2302.28
607735 2293.34
607636 2292.97
608320 2295.55
608247 2286.64
607939 2276.93
608033 2277.28
608015 2277.21
608018 2268.72
607656 2267.37
607575 2250.28
608065 2252.09
608170 2260.86
608226 2269.5
607813 2267.96
607405 2274.93
606690 2280.79
606249 2279.13
606246 2279.12
605763 2268.78
605685 2243.28
605259 2241.7
604803 2248.34
604701 2231.37
604102 2237.41
603911 2228.45
603758 2219.7
603201 2201.46
603437 2210.39
604034 2196.49
603577 2186.87
603644 2187.12
603922 2180.22
604001 2188.41
603886 2180.09
603801 2179.79
604238 2181.36
604055 2180.7
604111 2188.81
604255 2189.33
604505 2190.24
604278 2189.41
604232 2189.25
604392 2189.83
605040 2200.15
604927 2199.73
604889 2199.6
604551 2190.4
604600 2182.67
604247 2189.3
604456 2182.15
604461 2190.08
604054 2188.6
604566 2190.46
604769 2199.16
605136 2200.49
605045 2208.19
604577 2206.49
604526 2198.28
604691 2190.91
604679 2190.87
604899 2191.66
604586 2198.49
604815 2199.33
605061 2200.22
604699 2198.91
604325 2205.57
604185 2213.13
604087 2220.91
604043 2220.75
603567 2219
602921 2216.62
603154 2217.48
602841 2208.21
603224 2209.61
603271 2193.71
603828 2195.74
603732 2195.39
604199 2205.11
604033 2196.48
604149 2196.91
604961 2199.86
604705 2206.95
604546 2214.45
604694 2223.14
605094 2232.82
604433 2230.38
604310 2221.73
604071 2229.04
604061 2204.6
604442 2205.99
604542 2214.44
604142 2212.97
604217 2221.39
604009 2220.62
603759 2219.7
603738 2227.82
603641 2227.46
603387 2218.33
603566 2227.18
604143 2237.57
603810 2236.33
603619 2243.94
603989 2245.31
604232 2246.22
604020 2245.43
604124 2245.81
603785 2252.93
604202 2254.49
604335 2238.28
604761 2239.86
604837 2240.14
604487 2230.58
604081 2229.08
604342 2230.04
604689 2223.12
604258 2229.73
603304 2234.46
602743 2240.68
603015 2250.06
603407 2259.95
603445 2268.59
603604 2277.75
603133 2284.59
603385 2285.55
603658 2277.95
603563 2277.6
604041 2279.4
604963 2282.88
604730 2282
604675 2281.79
605151 2283.59
605062 2283.25
605202 2275.2
605685 2285.6
606151 2278.76
606472 2279.97
606445 2271.33
606584 2280.39
607076 2282.24
606454 2279.9
606643 2289.22
606825 2281.3
606716 2280.89
607125 2291.04
607035 2299.38
606821 2289.89
606654 2297.93
606605 2297.75
606084 2295.77
605922 2295.16
606066 2295.7
606416 2288.36
606756 2298.32
606672 2298
606564 2280.32
606692 2280.8
606258 2287.77
605581 2293.87
606017 2304.25
605856 2294.91
605128 2283.5
605116 2283.46
605008 2283.05
604897 2282.63
605251 2292.62
605221 2292.5
604582 2290.08
604493 2298.45
604816 2299.68
605049 2309.35
604610 2316.51
604624 2316.57
604607 2325.41
604958 2326.76
605277 2327.99
605523 2328.93
605465 2319.79
605523 2328.93
605310 2337.1
605391 2328.43
605766 2329.87
605273 2327.97
605305 2319.18
605625 2329.33
605873 2339.28
606401 2341.32
606745 2351.72
606534 2341.83
606130 2340.27
605656 2347.5
605257 2345.96
605122 2354.56
605470 2346.78
605210 2345.78
604832 2335.26
604724 2334.84
604363 2333.45
604344 2315.49
604439 2324.77
604538 2334.12
604502 2325.01
604495 2324.98
604939 2326.69
604467 2324.87
604395 2324.6
603815 2322.37
603525 2321.25
602997 2328.17
602788 2318.42
602539 2326.41
602788 2327.37
602279 2316.46
601776 2314.52
601311 2321.66
600999 2320.46
600979 2320.38
600752 2328.5
601325 2330.72
600723 2319.39
600013 2316.65
599986 2316.55
599279 2322.79
599489 2332.64
599399 2323.25
599165 2322.34
599182 2322.41
598591 2329.15
598500 2337.89
598170 2345.76
598189 2355.07
598109 2354.76
597252 2342.16
597115 2350.85
597571 2361.94
597722 2353.24
597451 2342.95
597635 2352.89
597952 2344.91
598256 2346.1
598237 2346.03
597314 2342.41
596917 2340.85
597001 2350.4
597223 2342.05
597065 2341.43
596707 2349.24
596446 2348.21
596783 2358.83
596424 2348.13
597002 2350.4
596556 2348.65
596610 2348.86
596981 2350.32
596632 2348.94
596787 2349.56
597221 2351.26
597029 2350.51
597396 2351.95
597247 2342.15
597873 2344.6
597583 2343.46
596695 2349.19
597459 2352.2
598205 2364.45
598050 2373.21
598666 2375.66
598391 2374.57
597577 2352.67
597663 2362.3
597261 2370.08
597262 2360.72
597195 2351.16
597579 2352.67
597204 2360.49
596703 2358.51
596500 2357.71
596858 2368.48
597066 2378.75
597119 2378.96
596915 2378.15
596905 2378.11
596555 2386.22
596402 2385.61
596273 2385.09
596111 2384.44
595665 2363.75
595058 2361.34
594433 2368.26
594778 2369.63
594534 2378.14
593962 2375.85
594102 2376.41
594642 2388.12
594336 2386.89
594387 2368.08
593506 2374.02
592749 2371
593040 2372.16
592835 2352.52
592858 2361.98
592919 2362.23
592905 2362.17
592783 2361.69
592966 2343.74
592286 2341.05
592321 2341.19
592402 2332.29
592779 2324.62
593379 2336.14
593396 2345.44
594193 2330.17
593711 2328.28
593407 2327.09
593103 2335.05
593205 2335.45
593628 2346.36
592783 2333.79
592406 2332.31
593235 2326.41
593248 2308.36
592860 2315.86
592507 2314.48
592420 2314.14
592387 2314.01
591925 2303.21
591589 2310.89
591099 2308.98
590381 2315.22
590069 2314
589962 2322.69
589958 2304.52
589844 2295.11
589880 2268.77
590110 2278.42
590086 2287.16
590233 2287.72
590333 2288.11
590135 2287.34
590119 2287.28
590546 2297.84
590238 2287.74
590495 2271.13
590864 2272.55
590243 2261.47
589520 2258.7
589317 2240.75
589259 2240.53
588539 2237.79
588344 2237.05
588020 2235.82
587896 2235.35
587481 2233.77
587639 2234.37
587467 2242.24
587792 2243.48
588425 2245.9
588071 2244.55
588506 2237.67
588166 2236.37
588155 2236.33
587938 2235.51
588300 2245.42
588558 2246.4
588499 2254.79
588496 2254.77
588178 2236.42
588586 2229.49
588710 2229.96
588622 2221.22
588665 2221.38
588460 2220.6
588863 2230.54
589236 2231.95
589187 2240.25
589280 2240.61
589137 2240.06
589152 2240.12
589541 2250.16
589490 2249.96
589398 2258.23
589611 2267.73
589853 2268.67
589858 2277.44
590148 2278.56
589852 2277.42
589932 2277.73
589724 2276.93
589841 2277.38
590088 2278.33
589981 2277.92
589909 2286.47
589553 2293.98
589927 2295.44
590154 2296.32
589914 2304.35
589898 2313.33
589017 2291.89
588700 2290.66
588617 2290.34
588857 2300.22
589237 2301.71
589376 2302.25
589767 2312.81
590070 2314
590078 2314.03
589872 2322.33
589945 2322.62
590341 2315.06
590511 2315.73
590186 2323.57
589754 2321.87
589607 2303.15
589659 2294.39
590179 2305.39
590228 2305.58
590707 2316.5
590249 2314.7
590870 2317.14
590961 2317.49
591926 2330.42
592325 2341.21
592636 2342.43
593139 2326.04
593636 2327.98
593676 2328.14
593711 2337.44
593402 2336.23
593050 2325.69
592776 2324.61
592729 2333.58
592362 2341.35
592400 2332.28
592696 2342.67
593039 2344.03
593372 2345.34
593219 2344.74
593413 2345.51
593787 2356.3
593864 2356.6
594244 2367.51
594138 2357.69
593770 2356.23
593657 2355.78
593480 2364.46
592997 2353.16
592803 2361.76
592888 2343.43
592575 2342.19
593079 2353.49
593070 2344.15
592686 2342.63
592680 2333.39
592299 2341.1
592391 2332.25
592362 2332.13
592133 2331.23
591713 2320.44
591952 2312.31
591709 2311.36
591313 2309.82
591060 2308.83
591348 2309.95
591610 2310.98
590816 2307.88
590519 2306.71
590231 2305.59
590060 2287.05
589963 2286.68
590088 2287.16
590354 2288.19
589985 2295.66
589624 2294.26
589561 2294.01
589452 2293.59
589525 2293.87
589314 2293.05
589853 2295.15
590232 2305.59
590590 2306.99
590912 2308.25
590664 2298.3
590060 2304.92
589814 2277.27
590080 2260.84
590076 2252.2
590387 2253.39
590600 2262.84
590436 2253.57
590288 2253.01
590154 2252.5
590143 2252.45
590278 2252.97
589484 2258.56
589364 2232.44
589023 2222.73
588582 2229.48
588202 2228.04
588007 2227.3
588260 2219.85
588230 2219.74
587975 2210.43
587961 2218.72
587983 2218.8
587770 2226.4
587950 2235.55
588477 2237.56
588833 2238.91
588607 2238.05
588331 2245.54
588313 2245.47
588094 2236.1
587799 2226.51
587779 2218.03
588330 2220.11
588815 2221.94
588946 2222.44
588875 2213.82
589646 2225.08
590104 2235.24
590205 2235.62
590183 2227.11
589296 2223.76
589372 2224.05
590174 2218.7
590198 2218.79
589350 2215.6
589583 2216.48
588962 2205.85
589209 2198.54
588919 2205.69
589410 2215.83
588816 2213.59
588876 2213.82
588862 2213.77
588863 2213.77
589310 2207.15
589085 2198.08
589076 2198.04
589843 2200.91
589692 2200.34
590399 2202.98
590358 2202.83
590721 2204.18
590593 2211.96
590965 2213.35
590999 2205.22
590940 2205
591472 2206.99
591548 2207.27
591710 2207.87
591684 2207.78
591951 2208.77
592040 2209.1
591481 2215.28
592074 2217.51
592195 2209.68
592364 2218.59
592695 2219.83
592968 2220.85
593300 2230.45
593549 2231.39
593142 2229.86
592826 2220.32
593230 2238.6
593670 2240.26
594136 2242.02
594081 2241.82
594447 2218.09
594271 2225.73
594246 2217.34
593954 2208.01
594025 2208.27
594563 2218.52
595147 2220.7
595001 2228.47
595203 2212.65
594770 2194.72
594895 2195.18
594745 2194.63
594942 2179.27
594658 2186.24
595037 2163.77
595454 2173.19
594871 2171.06
594879 2171.09
594813 2170.85
595122 2164.08
595111 2164.04
595258 2164.57
595329 2172.73
595442 2173.15
595488 2181.27
595516 2181.38
595685 2190.02
595661 2189.93
595450 2189.15
595235 2188.36
595001 2195.58
594974 2203.61
594994 2179.47
594944 2179.28
595066 2179.73
595202 2188.24
595077 2195.86
595497 2197.41
595433 2189.09
596071 2183.41
596923 2186.53
597172 2195.49
596851 2194.31
597800 2205.9
598216 2199.32
598642 2200.89
598432 2200.12
598531 2192.42
598927 2193.87
599040 2186.28
599039 2186.27
599691 2188.65
599685 2188.63
599674 2196.61
599171 2202.83
598933 2201.96
599395 2187.57
599688 2196.66
599491 2195.94
599821 2197.15
600446 2207.52
600531 2207.83
600658 2208.3
600148 2190.32
600293 2190.85
600068 2198.05
600070 2206.14
600504 2207.74
600901 2209.19
601123 2210.01
601102 2209.93
600634 2208.21
600822 2208.9
601067 2209.81
600821 2208.9
600902 2209.2
600793 2208.8
600333 2215.25
600277 2206.9
600389 2207.31
600612 2192.01
601081 2193.73
601122 2193.88
601296 2186.53
601286 2194.47
601171 2178.16
601072 2185.72
601995 2181.14
602478 2182.89
602503 2167.28
601840 2164.89
601472 2148.11
601482 2148.15
601630 2156.38
600825 2153.49
600889 2161.47
600755 2145.55
600548 2152.5
600020 2158.35
599928 2165.81
599727 2165.08
599497 2172.09
599030 2178.29
598800 2177.45
599017 2178.24
598775 2153.87
598406 2160.31
597837 2158.26
597419 2164.56
597448 2164.67
596495 2153.41
596592 2153.76
596399 2160.87
596278 2160.43
596158 2159.99
596878 2162.6
596948 2155.05
597167 2155.84
596996 2155.22
596714 2138.76
596465 2130.23
595614 2127.19
594841 2132.05
594407 2138.15
594480 2123.14
594654 2108.7
594581 2115.95
594470 2123.11
594453 2115.49
594242 2122.29
594141 2121.93
593842 2120.86
593580 2112.38
594112 2114.28
594682 2108.8
594813 2116.77
595016 2125.06
595250 2125.89
595519 2126.85
596170 2129.18
595709 2112.44
596367 2122.3
596175 2121.62
596515 2122.83
596258 2121.91
596636 2123.26
596614 2130.76
596635 2130.84
596851 2131.61
596695 2138.69
596801 2139.07
597218 2140.57
597427 2141.32
597374 2141.13
597779 2150.28
597659 2149.85
597632 2149.76
597406 2148.94
597742 2157.91
598299 2159.92
598339 2152.3
598622 2153.32
599023 2147.04
598755 2130.8
598563 2130.12
598220 2136.5
598816 2146.29
598468 2145.05
598061 2151.3
598019 2158.91
598815 2169.62
598770 2169.46
598842 2169.72
599506 2172.12
598580 2168.77
599103 2162.83
599284 2163.48
598924 2162.18
598794 2161.71
599051 2154.86
598751 2153.78
598747 2146.05
598685 2153.54
598326 2144.54
598431 2137.25
597992 2128.09
597674 2119.41
597538 2118.93
597582 2119.09
597453 2118.63
597107 2124.94
597252 2133.04
597376 2125.89
597009 2124.59
596539 2115.39
596336 2114.67
596124 2106.45
596591 2100.67
596674 2100.96
597073 2094.99
597272 2095.69
596913 2101.81
597018 2102.18
596899 2101.76
596856 2109.03
596749 2108.65
596559 2107.98
596605 2100.72
596547 2107.94
597192 2110.22
597149 2095.26
597497 2096.48
597691 2104.55
597853 2112.55
598461 2099.86
598561 2100.21
599188 2102.41
599493 2110.89
599829 2112.07
599748 2119.25
599831 2119.54
599969 2120.03
599998 2120.13
599835 2112.1
600842 2115.64
601406 2125.11
601858 2134.25
603078 2146.19
603184 2146.56
603534 2140.19
603625 2148.13
603608 2148.07
604383 2150.83
604504 2143.63
604620 2151.67
604237 2150.31
604765 2152.19
604640 2159.43
604516 2151.3
604880 2160.29
604711 2152
604128 2149.92
604198 2157.85
604274 2158.12
605016 2160.77
605020 2160.79
604972 2152.93
604374 2150.8
604883 2152.61
604691 2151.93
604580 2136.33
605105 2123.18
605106 2123.18
604790 2122.07
605254 2123.7
605326 2123.95
605068 2123.05
605281 2123.79
604681 2114.27
604588 2113.94
604551 2113.81
604858 2114.89
604886 2122.41
604404 2120.72
605001 2130.29
604900 2137.46
605254 2138.71
605463 2147.03
605559 2155.01
605812 2155.91
605771 2155.77
605914 2156.28
605907 2148.61
606008 2148.96
605913 2156.27
605935 2156.35
605856 2125.81
606013 2133.85
606505 2128.09
606609 2135.95
607119 2137.74
606896 2129.46
607401 2123.78
607526 2124.22
607653 2117.26
607545 2124.28
607776 2125.09
607787 2132.59
608735 2143.43
609294 2152.98
609494 2153.69
609322 2160.72
609410 2161.03
609199 2160.28
609531 2169.15
609474 2168.95
609448 2176.6
609095 2175.34
608872 2182.34
608960 2174.86
608237 2164.54
608358 2172.71
608050 2171.61
608551 2181.19
608815 2189.98
609537 2184.72
608943 2167.06
609106 2167.64
608796 2166.53
608744 2166.35
608388 2165.08
608393 2165.1
608055 2163.9
608457 2173.06
608842 2166.7
609383 2176.37
609436 2168.81
609625 2169.48
609563 2161.57
610138 2171.31
609853 2170.3
609897 2170.45
609605 2177.16
609631 2185.06
609609 2161.73
609550 2146.3
609592 2146.45
609381 2145.71
609010 2136.88
609102 2129.73
609001 2129.37
608542 2127.77
608472 2120.11
608523 2120.29
608254 2126.76
608193 2134.01
608199 2134.03
607828 2132.73
608132 2126.34
608013 2125.92
607914 2118.17
607567 2124.36
607381 2131.16
607756 2139.99
607312 2123.47
607813 2125.22
607316 2123.48
607682 2132.22
607696 2139.77
607983 2140.79
608430 2134.84
608710 2135.82
608691 2135.76
608851 2128.85
609099 2137.19
608749 2135.96
608595 2135.42
609297 2145.41
609148 2152.47
609860 2154.98
610649 2165.42
609821 2170.18
610099 2178.93
610290 2171.85
610323 2149.02
610603 2142.47
610204 2133.58
610270 2141.3
610847 2135.83
610958 2143.71
610731 2135.42
610378 2134.19
609985 2125.38
609641 2124.18
609456 2108.84
609227 2108.05
609057 2107.46
608834 2099.43
608848 2085.1
608427 2083.65
608595 2084.23
608409 2076.48
608553 2076.97
608631 2084.35
608716 2070.46
609319 2079.59
609629 2080.65
609640 2087.81
609461 2087.2
609303 2086.65
608718 2084.65
609145 2086.11
609106 2078.86
608839 2077.95
609040 2078.63
609322 2072.52
608858 2078.01
608716 2077.53
608166 2082.76
608434 2083.68
608209 2075.8
608080 2075.36
608375 2076.37
608098 2075.42
608324 2083.3
608482 2083.84
608200 2090.03
607528 2094.92
607800 2095.86
607082 2086.19
606650 2091.9
606753 2099.49
606770 2099.55
606585 2098.91
606909 2100.03
607557 2095.02
607474 2087.54
607635 2080.94
607301 2079.8
607114 2079.16
607251 2079.63
606799 2085.22
606714 2084.93
606516 2077.11
606061 2075.55
605866 2067.8
606056 2075.53
606089 2082.78
605734 2081.56
604957 2086.06
604860 2085.72
604456 2091.54
604103 2083.11
603963 2082.63
603752 2089.11
602829 2093.16
602342 2091.47
602321 2091.39
602454 2099.14
602245 2098.41
602575 2092.27
602210 2098.29
602191 2098.23
602322 2091.4
602124 2083.47
602082 2076.14
601907 2082.72
601705 2082.02
601576 2081.58
601045 2072.57
600355 2077.35
600175 2083.94
600405 2077.53
600447 2077.67
601042 2086.95
600254 2069.84
600265 2055.7
600225 2055.57
599689 2053.73
599416 2045.79
599281 2045.33
599588 2046.38
598986 2037.37
598919 2037.14
598197 2034.68
598283 2034.98
597701 2033
598049 2041.12
598649 2043.17
599204 2045.06
599391 2045.7
599774 2054.02
600223 2055.56
600303 2055.83
600943 2065.1
601369 2073.69
601607 2067.38
602060 2068.93
602612 2070.83
603170 2058.6
603696 2067.45
603692 2074.54
603690 2053.37
604097 2054.75
604894 2064.48
604471 2063.04
604753 2064
604903 2071.59
605152 2072.44
605049 2065.01
605540 2073.77
605282 2072.88
605148 2072.42
605190 2072.57
604964 2071.79
605171 2072.5
605529 2073.73
605982 2075.28
606438 2083.98
606791 2092.38
606379 2090.96
606536 2084.32
606549 2077.22
606981 2071.61
606833 2071.1
606834 2071.11
606571 2070.21
606664 2070.53
606188 2068.9
606571 2070.21
605961 2061.09
605647 2060.02
606280 2062.18
606290 2062.21
606280 2062.18
605710 2053.25
605573 2052.79
605632 2039.16
605304 2031.22
605355 2031.39
605181 2017.27
605183 2010.57
604824 2009.38
604954 2009.81
605596 2011.95
605956 2013.14
605977 2006.55
605914 2013
606492 2021.64
606282 2027.7
606371 2034.8
606789 2043.06
606489 2035.2
606679 2042.69
606009 2040.43
606595 2042.41
606479 2042.02
606535 2035.35
606841 2036.38
606215 2034.28
606211 2034.27
606023 2033.63
605596 2025.4
605004 2023.42
604897 2016.32
604708 2009
605019 2016.73
605070 2010.2
604850 2016.17
605056 2016.85
604835 2016.12
604483 2014.94
604186 2013.95
604263 2014.21
603536 2018.52
603257 2024.35
603340 2031.45
603135 2030.76
603261 2031.18
602761 2022.69
602646 2029.11
602482 2028.56
602695 2029.28
602742 2029.43
602065 2027.15
603082 2030.58
603088 2023.79
602991 2016.69
603142 2010.47
603390 2018.03
603296 2024.48
603589 2025.47
603388 2024.79
604012 2026.89
603666 2025.72
603994 2020.05
604343 2021.21
604277 2014.26
604325 2007.72
604220 2000.73
603842 1999.48
603975 1993.32
604219 2000.73
604451 2001.49
604998 2009.96
604856 2009.49
605271 2010.87
605350 2004.47
605677 2012.22
605729 2012.39
605926 2013.04
605907 2019.69
606380 2028.03
606034 2026.87
605628 2025.51
605872 2033.13
606017 2033.61
606407 2041.77
606032 2040.51
606257 2041.27
606307 2041.44
606026 2040.49
605886 2046.91
606447 2055.75
606515 2055.98
606570 2049.22
606698 2056.6
607507 2066.35
607908 2074.77
608269 2076
608389 2076.41
608611 2070.11
608489 2069.69
608897 2071.08
608782 2070.69
608661 2070.28
608012 2075.13
608140 2082.67
607781 2081.44
607855 2060.53
607966 2060.9
608145 2068.52
607750 2074.23
607836 2074.53
608680 2070.34
608133 2068.48
608156 2075.62
608532 2084.01
609154 2086.14
609421 2072.86
609576 2073.39
610062 2082.12
609500 2073.13
609539 2080.34
609230 2079.28
609105 2071.79
608892 2071.06
608496 2069.71
608587 2070.02
608972 2078.4
608047 2075.25
608662 2084.46
608356 2076.3
608645 2070.22
608838 2077.95
609308 2079.55
609343 2086.79
609359 2086.85
609181 2086.24
609062 2085.83
609877 2081.49
609600 2080.55
610013 2074.87
609964 2074.71
609974 2074.74
610344 2083.09
610521 2076.6
610114 2075.22
610238 2082.72
610664 2084.18
610984 2085.27
610758 2084.5
610526 2083.71
610052 2089.22
609814 2088.4
609052 2078.68
608889 2085.24
608506 2091.09
608821 2092.17
608783 2092.04
608930 2092.54
608756 2099.16
608737 2099.09
608461 2098.14
608468 2105.43
608771 2113.79
608759 2121.11
609265 2115.5
609328 2115.72
609258 2122.85
609448 2123.51
609283 2122.94
609319 2130.49
609475 2131.03
610122 2133.29
610396 2141.74
610716 2142.86
611030 2143.96
611088 2151.72
611207 2152.14
610738 2158.08
610661 2150.21
610631 2150.11
610187 2148.55
610420 2149.37
610691 2157.92
610843 2166.11
611431 2175.91
611418 2175.86
611335 2175.57
611594 2184.26
611447 2183.74
611033 2190.08
610984 2189.91
611356 2183.41
611651 2184.47
612420 2179.43
612090 2170.53
611667 2169.03
611859 2169.71
611263 2175.31
611359 2167.94
610793 2165.93
611243 2167.53
610688 2173.27
611711 2176.91
611973 2185.62
611962 2170.08
