200 1
212 1.06
226 1.13
244 1.22
266 1.32338
282 1.40299
297 1.47761
310 1.54229
324 1.61194
338 1.67327
359 1.77723
377 1.86634
388 1.92079
405 2.00495
431 2.13366
449 2.22277
483 2.37931
502 2.46078
528 2.58824
545 2.67157
565 2.76961
584 2.84878
614 2.99512
646 3.13592
661 3.20874
686 3.3301
715 3.4878
739 3.60488
754 3.67805
777 3.79024
786 3.83415
823 4.01463
847 4.13171
870 4.2439
890 4.34146
923 4.50244
952 4.6439
988 4.81951
1001 4.88293
1021 4.98049
1052 5.13171
1073 5.23415
1088 5.30732
1100 5.36585
1135 5.53659
1156 5.63902
1173 5.72195
1197 5.83902
1214 5.8932
1241 6.02427
1256 6.06763
1280 6.18357
1310 6.29808
1336 6.42308
1357 6.52404
1383 6.64904
1412 6.78846
1446 6.91866
1468 6.99048
1482 7.05714
1513 7.20476
1539 7.29384
1567 7.42654
1602 7.59242
1638 7.76303
1672 7.92417
1704 8.07583
1728 8.18957
1757 8.32701
1789 8.47867
1798 8.52133
1822 8.63507
1837 8.70616
1851 8.77251
1871 8.8673
1904 9.0237
1923 9.11374
1961 9.29384
1982 9.39336
2016 9.5545
2047 9.70142
2067 9.79621
2090 9.85849
2107 9.93868
2147 10.1274
2174 10.2547
2195 10.3538
2208 10.4151
2238 10.5566
2276 10.7358
2300 10.8491
2323 10.9575
2344 11.0566
2389 11.2689
2413 11.3821
2423 11.3756
2453 11.5164
2475 11.6197
2496 11.7183
2525 11.8545
2536 11.9061
2573 12.0798
2605 12.1729
2626 12.214
2640 12.2791
2689 12.4491
2710 12.5463
2729 12.6343
2758 12.7685
2787 12.8433
2820 12.9954
2849 13.129
2881 13.2765
2919 13.4516
2941 13.4908
2950 13.5321
2979 13.5409
2980 13.5455
3013 13.6955
3054 13.819
3080 13.9367
3111 14.0769
3164 14.3167
3197 14.4661
3205 14.5023
3229 14.6109
3257 14.7376
3289 14.8824
3321 15.0271
3322 15.0317
3356 15.1855
3383 15.3077
3402 15.3937
3425 15.4279
3437 15.482
3443 15.509
3464 15.6036
3457 15.5721
3452 15.5495
3479 15.6712
3483 15.6892
3504 15.713
3539 15.7991
3560 15.8222
3590 15.885
3611 15.9779
3629 15.9868
3654 16.0969
3660 16.1233
3699 16.2952
3704 16.2456
3728 16.3509
3759 16.4148
3782 16.4435
3829 16.6478
3857 16.697
3868 16.7446
3912 16.9351
3923 16.9827
3933 16.9526
3948 17.0172
3968 17.1034
3983 17.1681
4051 17.3863
4079 17.5064
4103 17.6094
4121 17.6111
4152 17.6681
4193 17.8426
4194 17.7712
4213 17.8517
4225 17.9025
4240 17.9661
4270 18.0932
4289 18.1737
4313 18.2754
4318 18.2966
4345 18.411
4379 18.5551
4396 18.5485
4390 18.5232
4416 18.6329
4440 18.7342
4459 18.8143
4510 19.0295
4534 19.0504
4567 19.1891
4553 19.1303
4556 19.1429
4570 19.2017
4594 19.3025
4612 19.2971
4662 19.425
4709 19.6208
4709 19.6208
4758 19.7427
4794 19.8921
4815 19.9793
4838 20.0747
4885 20.2697
4905 20.3527
4901 20.3361
4946 20.5228
4976 20.6473
4986 20.6033
5005 20.5967
5005 20.5967
5029 20.6955
5059 20.8189
5073 20.8765
5081 20.9095
5063 20.8354
5059 20.8189
5101 20.9918
5106 20.8408
5143 20.9918
5158 20.8826
5194 20.9435
5187 20.748
5192 20.768
5200 20.7171
5224 20.8127
5230 20.754
5242 20.8016
5280 20.8696
5304 20.8819
5327 20.9724
5352 21.0709
5371 21.0627
5389 21.1333
5408 21.2078
5444 21.349
5476 21.4745
5488 21.5216
5496 21.4688
5484 21.3385
5524 21.4942
5547 21.5837
5567 21.6615
5570 21.6732
5632 21.9144
5657 21.9264
5694 22.0698
5716 22.155
5727 22.1977
5752 22.2946
5755 22.2201
5768 22.2703
5792 22.2769
5794 22.2846
5805 22.3269
5802 22.3154
5809 22.3423
5802 22.3154
5819 22.3808
5853 22.4253
5845 22.3946
5867 22.4789
5891 22.5709
5895 22.5862
5929 22.7165
5944 22.6008
5939 22.5817
5956 22.6464
5967 22.6882
5979 22.6477
5988 22.6818
5972 22.6212
5979 22.5623
5996 22.6264
6016 22.7019
6015 22.6981
6013 22.6906
6005 22.5752
6015 22.6128
6048 22.7368
6040 22.7068
6063 22.7932
6050 22.7444
6066 22.8045
6061 22.7857
6060 22.6966
6066 22.7191
6100 22.8464
6134 22.8881
6133 22.8843
6161 22.9888
6169 22.8481
6191 22.761
6205 22.8125
6253 22.989
6271 22.9707
6281 23.0073
6336 23.04
6327 23.0073
6340 23.0545
6372 23.1709
6380 23.2
6439 23.4145
6445 23.4364
6445 23.3514
6437 23.3225
6434 23.2274
6465 23.3394
6461 23.3249
6496 23.4513
6521 23.5415
6553 23.657
6571 23.6367
6584 23.5986
6625 23.6607
6640 23.7143
6680 23.8571
6724 24.0143
6721 24.0036
6731 23.9537
6721 23.8333
6758 23.8799
6763 23.8975
6757 23.7923
6731 23.7007
6747 23.757
6727 23.6866
6742 23.6561
6750 23.6014
6765 23.6538
6787 23.7308
6788 23.7343
6804 23.625
6833 23.7257
6857 23.809
6849 23.7812
6870 23.7716
6873 23.782
6871 23.7751
6874 23.622
6880 23.6426
6867 23.5979
6858 23.567
6858 23.567
6884 23.5753
6891 23.4388
6913 23.5136
6926 23.3986
6934 23.4257
6988 23.6081
7021 23.6397
7027 23.5805
7021 23.4816
7053 23.51
7043 23.4767
7037 23.3787
7074 23.5017
7104 23.6013
7095 23.5714
7097 23.5781
7096 23.5748
7121 23.6578
7112 23.6279
7092 23.5615
7082 23.5282
7062 23.3841
7049 23.3411
7081 23.447
7096 23.4967
7088 23.4702
7117 23.4884
7115 23.4046
7112 23.3947
7117 23.4112
7150 23.5197
7163 23.4852
7155 23.459
7169 23.5049
7207 23.5523
7207 23.5523
7209 23.5588
7242 23.6667
7238 23.5765
7266 23.5146
7283 23.5696
7316 23.6764
7333 23.7314
7304 23.6375
7310 23.657
7314 23.6699
7330 23.6452
7371 23.701
7371 23.701
7393 23.6955
7422 23.7885
7449 23.875
7426 23.8013
7450 23.8782
7474 23.9551
7523 23.9586
7548 24.0382
7542 24.0191
7558 24.0701
7547 24.035
7567 24.0987
7616 24.2548
7607 24.2261
7620 24.1905
7596 24.1143
7581 24.0667
7605 24.0665
7647 24.1994
7660 24.2405
7659 24.1609
7668 24.1132
7649 24.0535
7697 24.1285
7675 24.0596
7677 23.9906
7686 24.0188
7728 24.0748
7740 23.9628
7740 23.9628
7743 23.9721
7763 24.0341
7761 23.9537
7760 23.9506
7738 23.8827
7758 23.9444
7770 23.9077
7752 23.8523
7750 23.8462
7755 23.8615
7755 23.8615
7774 23.7737
7766 23.7492
7782 23.7256
7811 23.814
7816 23.7568
7781 23.6505
7835 23.8146
7845 23.7727
7862 23.7523
7859 23.7432
7817 23.6163
7828 23.6495
7811 23.5982
7845 23.5586
7901 23.7267
7908 23.7477
7924 23.5833
7936 23.549
7992 23.645
8027 23.6088
8042 23.5146
8044 23.4519
8054 23.481
8057 23.3536
8067 23.2478
8085 23.2328
8098 23.2701
8118 23.2607
8131 23.298
8170 23.4097
8166 23.265
8184 23.25
8174 23.2216
8188 23.1955
8170 23.1445
8187 23.1926
8155 23.0367
8222 23.226
8270 23.3616
8316 23.3596
8307 23.3343
8325 23.3193
8321 23.3081
8331 23.0776
8360 23.1579
8386 23.1019
8416 23.1209
8460 23.2418
8425 23.0822
8432 23.1014
8452 23.1562
8462 23.1202
8472 23.0217
8485 22.9946
8505 23.0488
8518 22.9596
8543 23.027
8546 22.9115
8566 22.8427
8571 22.856
8615 22.9122
8667 23.0505
8666 23.0479
8685 23.0371
8651 22.8862
8677 22.955
8708 22.9763
8686 22.8579
8697 22.8268
8740 22.8796
8739 22.877
8757 22.8642
8796 22.9661
8841 22.9636
8856 22.943
8860 22.9534
8884 23.0155
8943 23.049
8955 23.0799
8960 23.0334
8979 22.9642
8986 22.9235
8989 22.8728
9008 22.9211
9035 22.9898
9032 22.9822
9021 22.838
9026 22.7929
9009 22.6927
9032 22.7506
9053 22.8035
9070 22.8463
9085 22.8841
9112 22.9521
9161 23.0756
9216 23.1558
9230 23.191
9259 23.2055
9286 23.2732
9341 23.2943
9353 23.2662
9351 23.2612
9396 23.3151
9397 23.3176
9419 23.3722
9404 23.2198
9416 23.2494
9440 23.2512
9425 23.2143
9432 23.2315
9487 23.3096
9502 23.2892
9478 23.2304
9503 23.2917
9546 23.3971
9568 23.3366
9594 23.4
9583 23.3732
9607 23.4317
9609 23.4366
9631 23.3762
9645 23.4102
9670 23.4709
9655 23.3777
9672 23.3623
9676 23.3157
9667 23.1823
9675 23.1459
9712 23.179
9749 23.2673
9749 23.2119
9746 23.1496
9759 23.0709
9747 22.9882
9783 23.0731
9759 23.0165
9775 23.0542
9790 23.0353
9816 23.0965
9814 23.0918
9834 23.0304
9895 23.0653
9934 23.1562
9927 23.086
9933 23.1
9949 23.1372
9947 23.1326
9973 23.1392
9972 23.1369
9984 23.1647
9993 23.1319
10040 23.2407
10060 23.2333
10060 23.1264
10061 23.1287
10077 23.1124
10089 23.087
10085 23.0778
10106 23.1259
10115 23.041
10070 22.9385
10100 22.9545
10115 22.8846
10120 22.8442
10140 22.8894
10164 22.8404
10153 22.8157
10236 23.0022
10325 23.2022
10387 23.3416
10366 23.2944
10347 23.2517
10340 23.236
10339 23.2337
10321 23.1413
10367 23.2444
10380 23.2735
10387 23.2371
10395 23.2031
10419 23.2567
10477 23.2822
10490 23.3111
10508 23.3511
10536 23.4133
10520 23.223
10496 23.1189
10487 23.0484
10528 23.0877
10532 23.046
10549 22.9826
10519 22.8674
10558 22.8528
10544 22.7732
10593 22.879
10635 22.9698
10653 23.0086
10638 22.9267
10619 22.8858
10632 22.9138
10635 22.9203
10644 22.9397
10640 22.8326
10706 22.8761
10735 22.8891
10746 22.8153
10754 22.8323
10765 22.8072
10819 22.8732
10849 22.8882
10830 22.8
10880 22.8571
10890 22.8782
10906 22.9118
10942 22.8912
10947 22.9017
10960 22.881
11010 22.9854
11015 22.9479
11080 23.0353
11048 22.9688
11056 22.9854
11128 23.0871
11143 23.1183
11168 23.1222
11150 22.9897
11196 23.0845
11173 23.0371
11196 23.0845
11235 23.1649
11272 23.1934
11310 23.2238
11302 23.2074
11319 23.1947
11330 23.1697
11352 23.1673
11371 23.2061
11391 23.2469
11378 23.2204
11386 23.0953
11369 23.0142
11412 23.1012
11414 23.1053
11443 23.1172
11452 23.0887
11469 23.0765
11521 23.1811
11501 23.1408
11520 23.1791
11551 23.2414
11578 23.249
11575 23.1964
11587 23.1277
11589 23.0857
11596 23.0996
11658 23.1769
11717 23.2942
11756 23.3254
11777 23.3208
11807 23.334
11824 23.3676
11827 23.3735
11838 23.3491
11884 23.302
11891 23.3157
11876 23.2407
11881 23.2051
11910 23.1712
11941 23.1864
11928 23.1163
12030 23.2239
12010 23.1407
11980 23.0829
11979 22.9483
11960 22.9119
11961 22.87
12034 23.0096
12025 22.9048
12054 22.96
12090 22.9848
12077 22.9165
12064 22.8918
12078 22.9184
12110 22.8491
12126 22.8362
12130 22.8008
12174 22.8835
12188 22.9098
12204 22.9398
12265 23.0545
12288 23.0544
12328 23.1295
12350 23.1707
12380 23.1835
12393 23.2079
12451 23.3165
12530 23.3769
12529 23.3315
12591 23.4033
12630 23.3457
12622 23.3309
12599 23.2454
12591 23.2306
12603 23.2099
12606 23.1728
12644 23.2
12651 23.1703
12641 23.152
12630 23.0896
12603 22.9982
12581 22.9162
12605 22.9599
12561 22.8798
12573 22.86
12577 22.8258
12562 22.7985
12564 22.7197
12539 22.6336
12555 22.6216
12551 22.5737
12570 22.5673
12625 22.6661
12605 22.5896
12555 22.4597
12600 22.4599
12592 22.4456
12618 22.492
12629 22.5116
12651 22.5107
12635 22.4423
12639 22.4494
12634 22.3611
12629 22.3127
12631 22.3163
12660 22.328
12680 22.3633
12692 22.3058
12717 22.2715
12752 22.2937
12777 22.3374
12778 22.3392
12818 22.331
12848 22.3833
12874 22.3507
12927 22.4038
12962 22.4645
12933 22.4142
12965 22.4308
12981 22.381
13019 22.4079
13076 22.4674
13095 22.4614
13076 22.3521
13078 22.3556
13101 22.3567
13102 22.3203
13141 22.3867
13208 22.5009
13246 22.5656
13317 22.6865
13328 22.7053
13353 22.5939
13395 22.6267
13426 22.5647
13490 22.6723
13489 22.6326
13522 22.6879
13500 22.651
13533 22.5927
13534 22.5567
13523 22.5383
13543 22.5717
13600 22.6667
13621 22.7017
13678 22.6833
13681 22.6882
13770 22.7603
13805 22.7805
13835 22.7176
13829 22.6705
13875 22.7459
13881 22.7185
13886 22.6156
13876 22.5993
13938 22.7003
14003 22.8062
14058 22.8958
14150 23.0456
14117 22.9545
14133 22.9805
14145 23
14149 23.0065
14182 23.0227
14178 22.9789
14165 22.8837
14215 22.8905
14199 22.828
14239 22.8189
14292 22.8672
14255 22.808
14256 22.7368
14290 22.7186
14315 22.6862
14322 22.5899
14341 22.5133
14362 22.511
14367 22.5188
14351 22.4937
14380 22.4688
14428 22.4735
14430 22.4417
14483 22.4891
14480 22.4149
14515 22.4343
14523 22.412
14570 22.4499
14607 22.4723
14665 22.5615
14637 22.415
14627 22.3997
14697 22.3699
14764 22.4036
14806 22.4333
14835 22.3756
14895 22.4661
14925 22.5113
14898 22.3358
14920 22.3688
14907 22.2825
14919 22.2672
14950 22.3134
14974 22.3159
14978 22.3219
15017 22.38
15037 22.3765
15074 22.3982
15148 22.5082
15141 22.4311
15154 22.4504
15160 22.3929
15144 22.3363
15161 22.3614
15176 22.3835
15156 22.3211
15155 22.2868
15195 22.3128
15263 22.4126
15281 22.4391
15298 22.464
15398 22.5117
15391 22.4686
15436 22.4687
15507 22.5392
15534 22.5457
15571 22.5994
15617 22.6333
15651 22.6498
15694 22.6792
15677 22.6546
15697 22.6182
15698 22.5546
15710 22.5395
15741 22.5193
15747 22.3997
15784 22.4205
15874 22.5163
15873 22.4512
15910 22.5035
15921 22.4873
15917 22.3868
15876 22.2978
15892 22.2266
15949 22.2751
15993 22.3366
16049 22.3213
16081 22.3347
16120 22.3578
16111 22.3144
16116 22.3213
16174 22.309
16176 22.2198
16188 22.145
16240 22.1555
16264 22.1279
16245 22.072
16272 22.0488
16294 22.0487
16340 22.0513
16355 22.0121
16386 21.9946
16390 21.9705
16429 21.9346
16502 22.0027
16480 21.8858
16505 21.8899
16587 21.9695
16637 21.9196
16699 21.9435
16704 21.8925
16727 21.9227
16737 21.8784
16737 21.8499
16746 21.8616
16718 21.8251
16788 21.8594
16800 21.875
16832 21.9167
16895 21.9416
16936 21.9094
16996 21.9871
17056 22.0362
17049 22.0271
17120 22.0903
17202 22.1105
17214 22.0976
17216 22.1001
17221 22.1065
17251 22.1451
17262 22.1308
17295 22.1164
17313 22.1111
17276 22.0357
17398 22.1913
17436 22.2115
