2.20998
2.22162
2.23406
2.2251
2.25302
2.25032
2.19463
2.25778
2.25382
2.22855
2.21561
2.25141
2.19162
2.27675
2.29381
2.22466
2.25432
2.20807
2.24022
2.23058
2.263
2.32452
2.23686
2.28838
2.23605
2.26276
2.23359
2.24525
2.21808
2.21187
2.2217
2.26853
2.24129
2.27051
2.25775
2.26359
2.25099
2.24667
2.20715
2.23165
2.22508
2.24239
2.20484
2.24431
2.25343
2.22963
2.23275
2.41851
2.19862
2.23231
2.24093
2.23064
2.36893
2.21139
2.19696
2.27419
2.24735
2.22571
2.20296
2.2258
2.22277
2.24457
2.286
2.27715
2.20581
2.21046
2.24334
2.23879
2.23068
2.25694
2.22412
2.22985
2.25504
2.23038
2.22647
2.25593
2.27857
2.21895
2.25616
2.20082
2.25877
2.21399
2.23398
2.20554
2.21803
2.23071
2.18447
2.2232
2.31779
2.2068
2.19843
2.26328
2.24843
2.19462
2.25554
2.22137
2.27344
2.19576
2.17862
2.24286
