2.31009
2.17831
2.19881
2.2301
2.21179
2.30192
2.24456
2.17795
2.29818
2.30026
2.17294
2.26099
2.19762
2.17693
2.21982
2.15726
2.21046
2.27227
2.18919
2.18383
2.23569
2.2679
2.25502
2.27408
2.2445
2.17324
2.16579
2.32478
2.21891
2.23206
2.15974
2.21833
2.33635
2.26122
2.13907
2.23
2.17633
2.23137
2.16681
2.22855
2.18984
2.16669
2.162
2.31508
2.27693
2.21673
2.25909
2.19595
2.16458
2.22426
2.25902
2.2352
2.25932
2.1951
2.20859
2.19383
2.22693
2.27895
2.25483
2.19719
2.19726
2.28708
2.16481
2.16647
2.23604
2.19813
2.24212
2.18744
2.28204
2.3101
2.21924
2.17399
2.22984
2.21916
2.20665
2.37486
2.26868
2.24447
2.19045
2.22092
2.27646
2.28106
2.18657
2.27545
2.18127
2.14701
2.21837
2.21834
2.17611
2.19016
2.25297
2.23345
2.22273
2.20682
2.54768
2.27426
2.31111
2.20069
2.2258
2.24606
